sample,n_viral,n_fungi,n_protozoa,n_microbiome
005301a4-1151-4421-9c73-961a7b628b63_gdc_realn_rehead,193176,218907,129051,541134
01d7c202-af14-4720-92ad-6c9ab5273e5b_gdc_realn_rehead,43026,14795,2812,60633
02b776d9-d5eb-4b34-9854-82d4cfae4751_gdc_realn_rehead,558037,21494,8278,587809
0330e749-318e-4de9-9c99-1443594b6360_gdc_realn_rehead,82420,26170,7814,116404
033f395d-f27b-4199-a16f-6bd6b18449a4_gdc_realn_rehead,322181,89691,48883,460755
03e07184-68da-4e59-abb6-c5b6526c990c_gdc_realn_rehead,427890,353166,258321,1039377
053bca4b-74e4-4fba-bd0d-7b2c2d678a66_gdc_realn_rehead,134957,64398,5343,204698
05856688-714a-446b-8652-d38e94d7ae93_gdc_realn_rehead,204525,68448,32513,305486
058ef2a4-a1f9-40ea-ad44-b4e00dc5b014_gdc_realn_rehead,107977,15206,4435,127618
0601965e-336a-474e-85c0-398a3c4d7782_gdc_realn_rehead,541613,13121,4463,559197
06904d76-38ca-4c2a-8699-a57aacce0ec2_gdc_realn_rehead,157191,46205,10461,213857
0699db2f-847c-4944-8b5e-2f2a196d5707_gdc_realn_rehead,36172,8396,2398,46966
077dd646-bab9-4a29-8994-105e1a9f6def_gdc_realn_rehead,219029,36562,3637,259228
07c72ab1-765a-4cad-a8f5-b219b1df8089_gdc_realn_rehead,65504,7826,3323,76653
07f95427-39be-4884-b539-c9f3e329bebc_gdc_realn_rehead,57721,10405,3449,71575
0813f7de-f80a-488b-a275-e4636629aca3_gdc_realn_rehead,228382,173461,107485,509328
086e890b-cdc3-455e-84a8-66dbfa3aae11_gdc_realn_rehead,247090,47745,16287,311122
091d8ab7-7cad-4921-b2c2-4304ed611fc9_gdc_realn_rehead,92768,11623,3294,107685
09646946-fcec-44b7-8b26-a7ce89012ab1_gdc_realn_rehead,2203487,1376454,999877,4579818
0a18b687-11be-427b-82a9-b11d80b0ea3d_gdc_realn_rehead,137114,25744,4796,167654
0a8e1c17-5ac8-4509-9741-ec1c59c5cebc_gdc_realn_rehead,213900,15920,5231,235051
0d3c1f7c-8aab-4cdb-a652-d873b630de45_gdc_realn_rehead,59250,19263,3861,82374
0d6e7057-6aa8-46ff-9e9b-e0ba237eb19b_gdc_realn_rehead,87200,11628,2368,101196
0da55f74-bd6d-4b13-88db-20863165b06b_gdc_realn_rehead,56348,26089,3313,85750
0daa1a31-b86c-4353-b403-59db8ebcb851_gdc_realn_rehead,47612,10569,3114,61295
0ddd82c2-8cdb-4ec0-9c5f-3321f312e962_gdc_realn_rehead,131412,40381,18526,190319
0e8babe1-4c15-4d9c-a26b-2ad839cef580_gdc_realn_rehead,928395,15839,4007,948241
0ea510ed-4e24-4c5b-ab49-cfef85aedeab_gdc_realn_rehead,201234,66333,11981,279548
0f077bd4-3907-4a81-a3df-0c1f5f32ff47_gdc_realn_rehead,226101,45010,9147,280258
100406a4-d12c-4ae5-b9ed-b6968f02dbe6_gdc_realn_rehead,289663,32125,14107,335895
108339cb-e827-4340-b52d-9b3cbb4e5165_gdc_realn_rehead,53507,23813,3543,80863
10e0e7f3-3fc1-43f7-b7fc-7bb6a375d060_gdc_realn_rehead,62314,18219,3022,83555
10e22941-6475-4f0b-8288-4e23e58864a6_gdc_realn_rehead,88429,43928,24227,156584
1132c05d-00f1-4c3b-a0ed-06a735c82401_gdc_realn_rehead,126567,18198,3770,148535
1198fd4b-6d38-4cb3-93b1-9a3b424fc339_gdc_realn_rehead,178670,86365,39330,304365
11be0d17-30b2-45ce-8e14-432e0c9a628f_gdc_realn_rehead,245115,13772,4918,263805
1228fb38-e5a9-4521-ad83-a67977908527_gdc_realn_rehead,220063,40603,4106,264772
12b39ffe-9ea7-421a-af7c-2558fa992d78_gdc_realn_rehead,250670,368807,268235,887712
13ed08ee-d7e8-43bd-9ee1-7850140e8210_gdc_realn_rehead,141888,52462,2977,197327
14e63f70-0dba-435f-a747-17239a97100f_gdc_realn_rehead,274485,172057,87361,533903
14fe760a-b84e-4d6e-ab4f-56fbd5cf93ac_gdc_realn_rehead,97063,30172,7684,134919
1642360c-3217-42ce-b1c3-8a18c77a26be_gdc_realn_rehead,69830,31347,4380,105557
169ff044-7e80-475a-8834-bfdb10180992_gdc_realn_rehead,140737,30538,8001,179276
170eae5f-f32e-45e5-beda-848a84ad2fb4_gdc_realn_rehead,83142,30639,4959,118740
17579b7c-6ebd-4da8-9df5-004a69a7ef3d_gdc_realn_rehead,94416,8068,2385,104869
1774634c-c5f9-46b4-bd3d-01c9e520e341_gdc_realn_rehead,67848,37258,18024,123130
17d3f67c-7d54-4866-88d5-96272a8b8bee_gdc_realn_rehead,129673,16074,4121,149868
1845d6cd-3528-4c1f-819d-c1c39e354dea_gdc_realn_rehead,139337,20376,6457,166170
18b2e6a9-0213-410f-ab5d-10e839b4d4ee_gdc_realn_rehead,118070,21204,5709,144983
18b7d94a-8660-46b8-8681-323fdfee2826_gdc_realn_rehead,57654,11763,3167,72584
19253042-25b5-469d-aa1b-4822f6dd92db_gdc_realn_rehead,271253,177565,136190,585008
19b05e39-15f0-4a05-9df4-b0ae1864494a_gdc_realn_rehead,63866,29216,14471,107553
1b5ccbbc-977d-4022-9420-30a51dd716bd_gdc_realn_rehead,292860,322812,245559,861231
1b9642cd-d963-4251-a929-b499516a3f82_gdc_realn_rehead,62691,21590,4805,89086
1bdf64ba-0881-4ab3-a2e6-e8c38d925e45_gdc_realn_rehead,110496,46466,5771,162733
1bfdc454-759f-43b2-9c8e-7298efe412fc_gdc_realn_rehead,279159,98086,9167,386412
1c0e230e-5838-4cb1-9f48-a5b5173dfd3e_gdc_realn_rehead,55380,14572,3105,73057
1efde3b7-5fd9-4fee-bc1f-9cd9f5a3221d_gdc_realn_rehead,165011,11626,2985,179622
1f3d2751-c60c-4c2f-bb9f-cc35c05903ab_gdc_realn_rehead,140962,57228,28339,226529
201d192c-9f30-445a-a0ac-f9534aab9902_gdc_realn_rehead,67169,21574,6334,95077
20201e84-9484-4a28-9af6-d229f45c6703_gdc_realn_rehead,88524,28288,16345,133157
208ee929-9039-43fb-8177-11631c297103_gdc_realn_rehead,144198,36879,14382,195459
21300d10-0c92-49e8-a2c9-f444f3010303_gdc_realn_rehead,181792,264256,203733,649781
218497eb-3c64-4e96-bd70-c2cf3d6d9877_gdc_realn_rehead,30900,11108,2038,44046
21d1dc59-02bf-46bc-ac59-5ba6a6883595_gdc_realn_rehead,92081,22963,4447,119491
21f22a44-fb3b-422f-8d6f-934e53ec5aec_gdc_realn_rehead,208216,24666,5979,238861
21fb3492-7e9e-466f-9d98-d5394af5d2d2_gdc_realn_rehead,61823,11086,2604,75513
230fd3e9-44a2-4391-825d-143cba8bcf9a_gdc_realn_rehead,130187,105836,70575,306598
23221ebb-100c-4e28-bf4e-0f164a8ed50a_gdc_realn_rehead,112891,64307,33405,210603
233d824a-5818-41ec-adc9-8464ddc024c1_gdc_realn_rehead,90878,19675,7780,118333
2371f879-e2a1-4487-ba2d-a14d40981ace_gdc_realn_rehead,151269,44013,24736,220018
23e069a4-9d44-442e-8d49-eb088fb9a187_gdc_realn_rehead,152366,75458,53910,281734
24266bd0-b5ba-4168-b9f2-484c74d0b795_gdc_realn_rehead,126487,32023,1926,160436
250289ec-46a2-4ce2-84bc-0b6168a1f8b0_gdc_realn_rehead,190761,37054,18905,246720
25deadd5-883a-4e88-8016-e337c1cec641_gdc_realn_rehead,60689,13707,7046,81442
25fc67f7-eb4f-4a80-b5a8-a89c6e5a9292_gdc_realn_rehead,94054,22711,8498,125263
267d0d2e-32c6-475b-b4a6-c3c9ecc57a4d_gdc_realn_rehead,320875,390554,277214,988643
269f6d2a-87dc-4fd8-af61-2ab4e6e06728_gdc_realn_rehead,116842,40894,3867,161603
284cdeba-e8fb-4e5d-960a-dc45815fd3bd_gdc_realn_rehead,45535,24623,2449,72607
28d806cd-95c7-4dfb-a980-1a482bbdf285_gdc_realn_rehead,103600,29347,4773,137720
291c515a-0c08-4f00-ad1a-13b6ec6fb982_gdc_realn_rehead,634388,1012142,858417,2504947
2950c941-f93f-4948-97f2-74cf6d5161de_gdc_realn_rehead,78441,33734,3439,115614
298d5de5-f66d-47db-8150-908ca70f6f86_gdc_realn_rehead,92770,70490,51979,215239
298f6a56-5a1d-4b35-bb8a-e670ea6a0ee9_gdc_realn_rehead,130034,39325,4525,173884
29b33845-77da-4a4b-a6e7-7b4aa6a26393_gdc_realn_rehead,374438,278889,183043,836370
29d635f0-3db9-4d3a-bae3-7e16de3b6bea_gdc_realn_rehead,262376,112836,7259,382471
2a694afb-c9d8-47da-91b1-563685fbdd70_gdc_realn_rehead,177025,54971,7266,239262
2a8cf710-6197-4a1c-b7b3-97bbb975c715_gdc_realn_rehead,111043,16991,4264,132298
2adbf2eb-6c1c-4624-91ce-86765f2219c5_gdc_realn_rehead,42569,11663,2760,56992
2babb909-4d6a-4873-9010-0481cd9d7f67_gdc_realn_rehead,163723,15055,3035,181813
2c5bf985-e02f-4319-9060-03903d77629c_gdc_realn_rehead,133985,43484,3551,181020
2c652ec1-ee07-4d63-bfb0-cbf9e4013717_gdc_realn_rehead,237500,20218,4716,262434
2c95ea97-62f0-4cdf-b5c2-e52f1dba1df7_gdc_realn_rehead,1024474,33009,8612,1066095
2ca0803b-71dc-4910-9307-dd5aeb5c8015_gdc_realn_rehead,244447,99453,7681,351581
2cfd1613-48d7-467e-99f6-cb93b233c019_gdc_realn_rehead,637972,15743,3319,657034
2d5e614b-ab16-4ff9-bb9a-0c1004890a77_gdc_realn_rehead,75130,22470,3723,101323
2d75f728-595b-4489-af45-081055c80a90_gdc_realn_rehead,292753,86759,55584,435096
2efe4617-99bc-4b18-9159-7739131c8aa9_gdc_realn_rehead,279621,13861,3328,296810
2f3322db-f3cb-4a08-b81b-bba1703f55c1_gdc_realn_rehead,220766,8746,2221,231733
2f973de3-769b-4ab3-8633-c1eb2f53a67f_gdc_realn_rehead,145078,15971,4623,165672
3001ec84-0cf6-478d-944d-31477f29682c_gdc_realn_rehead,620897,16234,3911,641042
303660c7-e51c-425d-9432-f59b6b427b41_gdc_realn_rehead,109613,37567,5099,152279
3053eba0-ea7d-4458-8d90-8529d9d9cd5b_gdc_realn_rehead,387189,14973,4113,406275
3072d901-49d8-4081-822b-0c028e9e28fa_gdc_realn_rehead,66698,24811,5005,96514
30adccfc-bb00-4b20-9579-2fd4db4cbd32_gdc_realn_rehead,166328,18894,5500,190722
3103782a-2847-4a2a-b31f-4e5ea2ed76b0_gdc_realn_rehead,83368,12731,2714,98813
319e9480-8717-4ccc-b906-2e42be7db976_gdc_realn_rehead,174745,132175,43675,350595
31e494ef-4885-4296-99df-d1583cff7a5c_gdc_realn_rehead,49227,21999,2891,74117
31e8213b-267f-48f4-b632-583c52927248_gdc_realn_rehead,506444,19198,6413,532055
31f13ffe-59d7-4b49-89e2-020daf75b1ee_gdc_realn_rehead,60876,20327,13913,95116
3208ed34-81cc-4419-8bfe-310568b43c80_gdc_realn_rehead,60717,12582,2288,75587
32b09cce-1d6a-44f1-8699-7cdf8d6e0fb3_gdc_realn_rehead,69376,22648,3166,95190
33cfa2ad-37ac-485c-b721-2da6885ce3f6_gdc_realn_rehead,96716,26797,8723,132236
344403b9-e960-4d21-8094-c64c6c21feac_gdc_realn_rehead,60135,5676,1804,67615
345bf6c7-2b7c-4ff6-9edf-5eb579ffbe5d_gdc_realn_rehead,130045,45961,13802,189808
346dd6ea-76b5-4e01-926d-07832d3a76c4_gdc_realn_rehead,138678,117157,95857,351692
35efed04-67eb-4cad-aa21-e1c0ce81db9d_gdc_realn_rehead,379695,260011,196347,836053
368ddefd-8538-426b-9015-a3c7f3bb7850_gdc_realn_rehead,180515,119293,61392,361200
377df6dd-af23-4337-8713-a5c4955b7d6f_gdc_realn_rehead,173405,20659,5863,199927
3798177b-bd80-48b4-a937-c4d4464d482a_gdc_realn_rehead,183928,9975,3253,197156
38aa3c95-013f-4010-a5fd-54ff5e4aa728_gdc_realn_rehead,752662,89733,71364,913759
38d095ea-9002-42a5-a556-1c751b0405e9_gdc_realn_rehead,101281,20102,5616,126999
38dc8f73-a4ec-4f38-a612-11cf1faa1d8d_gdc_realn_rehead,240613,24371,14083,279067
39360e12-b82e-423e-97fa-392cbd6cb971_gdc_realn_rehead,698443,20761,4409,723613
39b27f76-9e10-4284-b5dc-7b5a554dfe26_gdc_realn_rehead,151402,16225,7535,175162
3a5d8a5d-4fd2-41b0-ac21-dfa50eab1dcc_gdc_realn_rehead,260192,164943,103651,528786
3b50841d-fd1b-4f40-85db-db97403b3411_gdc_realn_rehead,57545,14894,3865,76304
3d2b7c58-6ae8-4199-8782-b4c37b52e757_gdc_realn_rehead,124846,10515,2749,138110
3d44d6c3-5dcf-42ee-8ebe-dcdaad30493c_gdc_realn_rehead,2387119,2027811,1615181,6030111
3e37a585-683d-4c2d-818f-67cb53da7a37_gdc_realn_rehead,245042,27110,6496,278648
3e393ba2-b0bb-47aa-80e3-eb78214a3e54_gdc_realn_rehead,256249,20141,4026,280416
3ebcd3bb-9188-4c03-a6db-f4b8d191f0f2_gdc_realn_rehead,120099,61422,16922,198443
3efc7114-c5a2-4bb6-b6bf-02fafc3573f6_gdc_realn_rehead,125284,17743,4257,147284
3f27519d-4cb0-4427-b90e-4b3ed890649c_gdc_realn_rehead,100397,15617,5954,121968
3f53a71c-e0a7-442f-92da-4e74f5c84581_gdc_realn_rehead,67559,57213,27076,151848
3f574e31-db95-4199-826c-c2f5b1e4332b_gdc_realn_rehead,55551,17445,3146,76142
3f612e90-0fe9-4c7c-a686-247472cfe4e2_gdc_realn_rehead,113851,42923,6966,163740
3f88026f-3beb-4805-85aa-65b5e5909b64_gdc_realn_rehead,247265,20745,3858,271868
3fba503a-4c2f-4909-a094-a9c4882afee5_gdc_realn_rehead,87488,22270,4653,114411
4023042c-409b-433f-9c43-c719736a55ba_gdc_realn_rehead,106213,25414,13439,145066
41481131-9b42-47bb-9f05-879007ad423c_gdc_realn_rehead,99353,58391,20528,178272
4253cc98-350d-4c54-a98c-113d15cf6381_gdc_realn_rehead,575496,16596,4145,596237
426159a8-d17a-4770-91ac-578ecdf46b8d_gdc_realn_rehead,193696,216032,149026,558754
42722360-9f14-453c-851e-aadc068affcc_gdc_realn_rehead,393181,483675,365689,1242545
42da1d41-a034-4c87-af13-615a6d94d0bb_gdc_realn_rehead,564046,202280,20087,786413
42de85be-ae4e-47c9-97d9-1b92f1f4569a_gdc_realn_rehead,127299,40798,12616,180713
4340a3f4-4b56-432a-949a-655b5f74c2f7_gdc_realn_rehead,98777,35368,3518,137663
442b5275-5bf5-439b-9b82-2a2f49ede40e_gdc_realn_rehead,252926,33624,6785,293335
4487bf18-eeee-41bd-a6e8-ae859042feda_gdc_realn_rehead,263612,64103,26138,353853
44923b77-7082-4567-9712-1f05207b94d6_gdc_realn_rehead,146156,86396,61761,294313
44ab1da4-a195-4f76-a012-393e3fdb5611_gdc_realn_rehead,1464385,22465,4924,1491774
455a3e8d-2074-41af-b082-0fbede72aeea_gdc_realn_rehead,138279,20016,4257,162552
4585dd6a-7829-4919-8b36-25d94983144c_gdc_realn_rehead,406918,83819,21122,511859
45d24c12-1c69-4b02-8ba2-290a11857a02_gdc_realn_rehead,132795,76093,41368,250256
45e0344b-87be-4fe9-b4fc-241bde6bbf4f_gdc_realn_rehead,80103,27492,6165,113760
45e61125-c532-4188-85bc-847258e516ed_gdc_realn_rehead,167107,41829,14320,223256
4710fc26-1185-4436-b315-db0380bd9080_gdc_realn_rehead,43975,7704,2188,53867
4741c9f3-fed1-46ca-836b-264bdb905e89_gdc_realn_rehead,49404,7333,2449,59186
47cea585-0a27-424c-a716-69df89183ca4_gdc_realn_rehead,337533,126950,14891,479374
47f72c27-1e68-46f1-8df8-8dcf698f058e_gdc_realn_rehead,235934,21893,6646,264473
495752ac-1048-48c3-9791-623dbd116a1a_gdc_realn_rehead,53866,15370,2729,71965
49ba6931-e906-45e7-9701-9f2b0b6e4df4_gdc_realn_rehead,66893,8742,3171,78806
4a1266ef-4c35-48ce-ad81-2bb25f773ac9_gdc_realn_rehead,70959,6375,1651,78985
4aa332e6-b4ab-4f56-be49-e8170c64447c_gdc_realn_rehead,154353,74735,45266,274354
4ad8a50e-5048-4c11-b2b3-4c67c0a4dbe7_gdc_realn_rehead,130724,35305,9650,175679
4b71505f-f386-434f-9d99-a0741ae09ae2_gdc_realn_rehead,131992,17147,4528,153667
4c09855d-67c2-46ea-83dc-af80ec3dfeee_gdc_realn_rehead,153644,17876,4756,176276
4c38482a-1651-4e55-816e-acb01999a202_gdc_realn_rehead,141061,18246,10225,169532
4c60278c-54a5-4b8c-9ae6-c8cdd5c9ddc0_gdc_realn_rehead,83681,8078,2129,93888
4d8bf6c2-5bfa-4ac3-945b-52522a7a0cf9_gdc_realn_rehead,2935821,1007187,568353,4511361
4f4a304b-0e65-467e-b07e-155c528ceb15_gdc_realn_rehead,131817,63376,6365,201558
4f65e591-fba3-41aa-898f-f9a4fbd7a456_gdc_realn_rehead,339969,21542,3429,364940
50b6aa8d-3938-4299-9da3-d518d4d3fc19_gdc_realn_rehead,46068,7745,2110,55923
5184a284-2486-4c21-acdd-b52e3b3d014f_gdc_realn_rehead,198482,30499,22816,251797
51ccb3d6-e0d2-4729-991e-46809c28a463_gdc_realn_rehead,46752,8285,1670,56707
53043feb-0213-4b53-8204-4e6905768234_gdc_realn_rehead,241023,68482,58557,368062
53d5d566-f294-448b-ac48-6ffa2ba333b0_gdc_realn_rehead,45579,11037,3098,59714
54062cc8-47ba-45da-8b3f-ad5cd845d3e5_gdc_realn_rehead,76278,16541,3842,96661
54c0e424-f5cf-4fc9-8891-ab8ee8c10a8d_gdc_realn_rehead,56519,14916,4059,75494
553fc948-c34d-4a39-ba90-007f43c989f7_gdc_realn_rehead,107618,32245,13024,152887
55427b1d-4160-45fd-a5d4-a72d724e87b4_gdc_realn_rehead,923704,289706,192122,1405532
55878010-15f1-473e-9361-cf31e1780675_gdc_realn_rehead,130633,19483,6662,156778
56466297-cbb3-4015-b7e5-5dc386bafaee_gdc_realn_rehead,217983,112353,19085,349421
56885fdf-ae09-4478-be99-81bd282715eb_gdc_realn_rehead,114547,30352,14110,159009
56b0a104-b20b-4d56-b70d-2e8b925ad37b_gdc_realn_rehead,94752,18245,3863,116860
570f3779-f38b-46f0-a3bb-c8b4e7a97291_gdc_realn_rehead,115759,142925,104697,363381
5735edb0-5df0-4425-b5db-614e94f1e2db_gdc_realn_rehead,47469,14457,3372,65298
57dc603f-e1c0-4fc0-9ed9-76dd5b6f9bd4_gdc_realn_rehead,208125,65756,32422,306303
58fb3498-5d7a-458a-a778-d5e0d607f150_gdc_realn_rehead,199957,27585,12607,240149
59ccaf6f-f899-4df4-9b52-fc7695e38e2b_gdc_realn_rehead,150711,54311,33375,238397
5a18610b-7150-42ec-86c0-6c2fa4c1e96e_gdc_realn_rehead,50269,15347,2921,68537
5a58a203-4295-49a4-9534-5e5d64ba8072_gdc_realn_rehead,461466,21807,3503,486776
5a66bb8d-7df6-4655-806d-1451370d27a9_gdc_realn_rehead,99713,43764,7955,151432
5ace35cc-50a9-49ec-84fe-dc6476b51b70_gdc_realn_rehead,246374,129461,83426,459261
5ae7f9d8-5f6e-49d7-b534-749406ef219a_gdc_realn_rehead,142293,17215,4458,163966
5b8d2548-b32e-4abb-9244-a618b1b2852e_gdc_realn_rehead,120351,37599,5420,163370
5d1029d3-bcb8-4e73-9f03-08e612ddb0a1_gdc_realn_rehead,647962,5860,2923,656745
5d302c0e-bbc1-4b3e-afa2-40e2b4c3ded4_gdc_realn_rehead,47798,15117,3565,66480
5e080558-87c4-435a-adae-4979ac558b71_gdc_realn_rehead,73950,29579,8388,111917
5e0d7cfd-bdd0-421a-8356-c3dba1558539_gdc_realn_rehead,252927,38828,13098,304853
5e10a745-ce02-4f51-a10d-1d2ff6aa7705_gdc_realn_rehead,72099,26849,2937,101885
5f0be065-3b20-46c4-955a-d5999c10de09_gdc_realn_rehead,209247,184955,128201,522403
61ade99b-6f87-48d1-b094-51237e96a93f_gdc_realn_rehead,74170,20830,4840,99840
61e4c92d-c8f5-45f9-a623-5477af66e193_gdc_realn_rehead,79418,19684,6423,105525
621a2fb0-0372-4566-b89d-73c31fb9fa15_gdc_realn_rehead,179376,111609,70522,361507
622b8be1-0f2b-42cb-b37b-1f6e1c42cc43_gdc_realn_rehead,448151,15916,4359,468426
629ff0b5-b038-4dca-892b-52d014026bea_gdc_realn_rehead,695882,13892,3824,713598
62f1340d-9f29-47dc-8de8-9489b294723f_gdc_realn_rehead,266010,42004,13594,321608
63803549-e417-4bef-b5df-4a4d45525475_gdc_realn_rehead,98591,50728,4073,153392
6390b64d-f005-4a35-bceb-21ddbe91ca7b_gdc_realn_rehead,386401,71795,39762,497958
63a21fb0-97c3-4bad-b9b2-28236484e675_gdc_realn_rehead,419871,16319,3293,439483
64a3e6a5-00fb-4597-ae40-490f9582e08e_gdc_realn_rehead,39575,18031,2917,60523
64d942e2-03e9-473e-986f-2b0e0e7efb74_gdc_realn_rehead,106876,32701,7968,147545
64e21887-298b-4768-8946-cf8fbfae611c_gdc_realn_rehead,31174,6821,2018,40013
650f377d-7d3b-4f04-ad9c-000acca77177_gdc_realn_rehead,858178,46612,25200,929990
65839088-5527-4008-9232-142ee8e0e627_gdc_realn_rehead,35111,8423,2518,46052
65a9eeca-f426-48d7-bbb6-5b8e50c48866_gdc_realn_rehead,88449,18121,4241,110811
67295c38-9cc0-4492-b782-05f762173b63_gdc_realn_rehead,260714,26605,5969,293288
67d4b7aa-1d22-4f4b-af8a-40c1cb55585c_gdc_realn_rehead,160257,103488,47354,311099
67dd9f18-b0ba-48ef-a01c-cefe2cee9263_gdc_realn_rehead,275087,20196,10201,305484
67e0bb40-5006-4c03-839a-8bf3f9383b71_gdc_realn_rehead,308339,19237,2587,330163
67e31df5-7c79-4f2c-ad71-1a4bc376c728_gdc_realn_rehead,79148,19509,4771,103428
683f4b38-7db7-48c9-a092-95ed77020dec_gdc_realn_rehead,69632,15366,8918,93916
692d70a3-ee5a-4fb5-a99f-17cd77bb5274_gdc_realn_rehead,54279,10915,3120,68314
693e7634-9033-4f5e-bd11-bd811bc14643_gdc_realn_rehead,155817,58758,3480,218055
6a0cd3af-dcb9-484c-b1b3-9775f0d420d6_gdc_realn_rehead,362100,15010,4697,381807
6a30bada-db34-45d8-af22-2a185cfc120b_gdc_realn_rehead,508189,419190,10904,938283
6b2a28d5-bd0a-4d50-93e2-eb30e1df63de_gdc_realn_rehead,70448,4902,1654,77004
6b7dbced-5cd2-47b2-96c8-595f96022294_gdc_realn_rehead,1033388,21431,7393,1062212
6b81ca60-c91e-447d-8658-d3797422e4c7_gdc_realn_rehead,145327,32775,5315,183417
6c329a5f-3866-4cc1-9d5e-a43413d188b5_gdc_realn_rehead,47608,15986,2338,65932
6cb90565-9ca5-48ee-a258-40ea601c7380_gdc_realn_rehead,4671022,1570920,1142392,7384334
6cf978de-3700-4532-812a-ea18e9db99d0_gdc_realn_rehead,160571,10288,3418,174277
6d839a7d-c199-46ba-a724-567e412491f9_gdc_realn_rehead,324247,17078,4323,345648
6dc766aa-8f14-45fb-9fda-91c3cad1b887_gdc_realn_rehead,90163,62385,4861,157409
6dd4b73b-402d-40c7-bdf9-88d9e0b884fd_gdc_realn_rehead,360593,420506,292230,1073329
6e3dbbf4-ea7c-438f-a944-55adb7c291d5_gdc_realn_rehead,159136,83735,6630,249501
6e4ac635-355c-400e-ac34-b1dd2731083c_gdc_realn_rehead,1321413,17608,3715,1342736
6e627740-aff8-401c-a422-72124ddcc3bb_gdc_realn_rehead,59047,12627,3860,75534
6e6c5ce6-22d8-415b-bf7e-ebd17aafa134_gdc_realn_rehead,112470,20936,4531,137937
6e775578-86ad-4eed-a8fc-04e6932fb458_gdc_realn_rehead,181670,31541,4845,218056
6e7c601a-fcc9-4900-9fab-9fee704870c0_gdc_realn_rehead,66511,11282,2631,80424
6ee0d570-56f7-4f3b-b4ef-3b61bcbbd80a_gdc_realn_rehead,165413,85148,38824,289385
6fc2c0be-53ca-418f-af9b-0a3a20640519_gdc_realn_rehead,2889934,4038741,2749779,9678454
6fe45113-a972-4513-a09d-7ee22735cc2f_gdc_realn_rehead,401200,13917,4250,419367
700b909a-e581-4838-b3c1-b94a6af9094d_gdc_realn_rehead,38699,5699,2056,46454
7089a19e-1191-43cb-8eb5-e727e3c11568_gdc_realn_rehead,447883,19243,3751,470877
71422d62-6272-4057-a44c-dd1933eaa8b8_gdc_realn_rehead,76032,33620,1453,111105
71ec6db2-83f0-46c0-bad4-eb6185f424dc_gdc_realn_rehead,484880,19912,7589,512381
72554f0b-f5dc-4b2d-9bd4-e8905ea76a97_gdc_realn_rehead,3078663,1180409,670333,4929405
726e24ff-5bc5-4ca4-ba0e-921acd58de55_gdc_realn_rehead,58097,12260,3683,74040
733f7529-2a95-4998-9ef6-ee51ee94219b_gdc_realn_rehead,300012,87149,62392,449553
7340ec23-6cc9-40cc-928a-5e7ef7aee6d2_gdc_realn_rehead,130103,56974,35306,222383
73bb0d91-eaf6-4cc0-bfc5-7d62d7c47c9c_gdc_realn_rehead,795552,16206,3894,815652
7441bfa1-cfbc-4032-b321-73c63e3e03f4_gdc_realn_rehead,103945,34355,11119,149419
74be9457-39ce-4029-9076-53b0e57d2067_gdc_realn_rehead,137962,20473,4964,163399
74ed9e1a-5263-4d95-8ff9-63e5dc9b91b1_gdc_realn_rehead,376157,178167,142129,696453
7505607d-48c9-43ab-bce8-283ff7d6ce6c_gdc_realn_rehead,904207,1540512,1313511,3758230
7548dffa-bc4a-41f8-aa23-ad733e82706f_gdc_realn_rehead,90115,39121,5808,135044
755cf943-64da-48f7-9c92-ebda57d9253a_gdc_realn_rehead,105703,30320,13112,149135
75f17276-0648-4ecd-9381-82febb3df410_gdc_realn_rehead,78320,34694,13236,126250
761d3c86-fe0a-4e2f-a766-bc55f5eb60ca_gdc_realn_rehead,640070,30980,19653,690703
766f3ef2-d1a3-46a8-9881-966e8e2b9b02_gdc_realn_rehead,674265,1511892,1193575,3379732
76a0703a-0540-4ca8-baa8-128a52b0846d_gdc_realn_rehead,112015,15886,4277,132178
76a97a0e-a66b-4439-9b16-ea841f882758_gdc_realn_rehead,47253,19438,3552,70243
77d538f8-67ac-46df-ae0d-1b5d15aca322_gdc_realn_rehead,131240,70536,35453,237229
78c51f79-089a-42e5-acb7-4ba3daef41af_gdc_realn_rehead,151320,41979,9634,202933
79c5c92d-4f9b-4495-b9ce-957581959297_gdc_realn_rehead,120845,27158,4666,152669
7bf2426a-6731-4065-a201-8bce925a16f6_gdc_realn_rehead,233760,29981,3783,267524
7c655f4f-eb75-41be-9aba-69dd050a6dd9_gdc_realn_rehead,127951,93243,47262,268456
7e92084b-a836-48c0-8868-5704aae62707_gdc_realn_rehead,118041,58256,40852,217149
7f274fba-b331-4f6d-b257-66767f383ca8_gdc_realn_rehead,74611,14441,3287,92339
7f52e834-0d94-4b6a-8c0d-3648a26c74c7_gdc_realn_rehead,310895,426669,304619,1042183
800ca390-3744-4ff0-a06a-24f0f003a956_gdc_realn_rehead,7453990,3180520,2149666,12784176
80146f71-c080-4e91-8965-e385428ba930_gdc_realn_rehead,127733,20409,6575,154717
80c84645-5441-4a13-9b44-c5d6b4909d93_gdc_realn_rehead,205386,15248,3853,224487
8119c9fe-3782-4452-b257-e508264b8fd1_gdc_realn_rehead,86642,30687,4952,122281
81262d4b-a7e0-41fe-a474-03773d38e05e_gdc_realn_rehead,111121,39796,2301,153218
815e2d8c-0ef5-4600-a6fb-d5878a67bee2_gdc_realn_rehead,177128,45323,5958,228409
81b1a729-4023-467f-b33c-036c59ca0942_gdc_realn_rehead,115331,23641,8821,147793
821336cd-4fc5-4050-8e19-92549c352dce_gdc_realn_rehead,87009,38979,4111,130099
8240cbf4-714b-4f3e-8b66-1d54bcf5700c_gdc_realn_rehead,92856,22610,7395,122861
824c3b4a-f4ef-4f2c-884b-7775b0c2c577_gdc_realn_rehead,118049,25802,8884,152735
829fab3d-092a-48a2-9949-fc3fd625658d_gdc_realn_rehead,71060,14236,3937,89233
841873e1-5f4c-4021-945a-59dd15d96f87_gdc_realn_rehead,44544,12836,2397,59777
8442e31c-0e0a-4106-8113-d8d648ea5139_gdc_realn_rehead,178714,16089,2591,197394
846a989a-1bd0-482f-b093-a34f56557a17_gdc_realn_rehead,273527,24788,8794,307109
84bfd434-d3c1-435c-a185-f30ad364b69e_gdc_realn_rehead,112880,96018,45654,254552
853f1e79-a859-434a-af7f-7aca87834957_gdc_realn_rehead,47386,15794,4075,67255
8552374a-12c5-4454-9ced-93fe870ecf08_gdc_realn_rehead,170226,32280,5122,207628
867a69db-f274-40e5-9545-6c40400031be_gdc_realn_rehead,32331,13394,8345,54070
86b579b8-0ae6-4497-abd6-96920e08f7eb_gdc_realn_rehead,264402,241135,164691,670228
8835a464-dcad-469a-8534-0e4c16db92ad_gdc_realn_rehead,174343,32185,12146,218674
884116a9-378a-4513-b4ce-494e8cf64636_gdc_realn_rehead,580327,8502,2453,591282
8885eb17-5ec1-49c2-aa4e-01c7750f7560_gdc_realn_rehead,102775,24071,2785,129631
890fb8b9-b15e-4131-9b35-4b6244999caa_gdc_realn_rehead,99829,20348,9872,130049
891f2aa5-9a6c-4179-b92f-67a934c073f0_gdc_realn_rehead,59374,13947,7911,81232
89b85540-2c4d-4f9a-8ca1-f5f4d96485f2_gdc_realn_rehead,34905,11706,2321,48932
89ec7b58-b42c-45fb-a42f-52a86370d49a_gdc_realn_rehead,90758,45721,9396,145875
8a036b15-e79e-4e26-8700-cc6ff96ae01f_gdc_realn_rehead,607649,15075,4077,626801
8a3e0f0a-4f0e-4f0f-8b3e-9fceba7b5f5f_gdc_realn_rehead,216703,118411,12209,347323
8aa57653-1e89-444f-82d1-288c5561fbbe_gdc_realn_rehead,102665,7121,2445,112231
8acd9f3f-b203-4c9e-b374-326e3566b170_gdc_realn_rehead,133624,23905,11201,168730
8b67d447-c961-4a6f-abcb-efec920b9066_gdc_realn_rehead,32189,12919,4887,49995
8cbf17cb-67ca-492f-82be-e749ad6a4b98_gdc_realn_rehead,365213,13675,6316,385204
8cda7f9e-1950-431c-ad11-d9f7a106deb7_gdc_realn_rehead,1685216,758877,480265,2924358
8dd74a0e-e86f-472c-952d-c4fab0c679fc_gdc_realn_rehead,176503,203431,140368,520302
8e370fa8-00d4-4986-b905-a507517ce6d8_gdc_realn_rehead,322927,100419,68656,492002
8f2741bc-e876-4acb-ab86-b90e88330644_gdc_realn_rehead,55647,13193,5310,74150
8ffe8020-a408-4007-ab84-5883149e36c4_gdc_realn_rehead,165749,18325,6804,190878
90233afc-bc3f-450e-a96c-6f5b754d2749_gdc_realn_rehead,90902,43124,3789,137815
911906da-bdde-44bd-9a53-0c676959a8f4_gdc_realn_rehead,79311,30592,5645,115548
914d96ca-bf62-4023-b536-f6527f7af929_gdc_realn_rehead,298655,60776,47770,407201
9156b800-c9f6-494f-a832-66907ebf5a42_gdc_realn_rehead,376909,21059,7587,405555
917a6ffc-9078-487d-b0fb-99708819a6e3_gdc_realn_rehead,59334,14617,5297,79248
9233b447-8b45-4a8b-b500-1c40459d4c38_gdc_realn_rehead,53644,11522,2609,67775
923cf96c-4818-443e-848c-d37831c7600b_gdc_realn_rehead,197801,68376,41836,308013
92d91508-7894-4d4d-b51e-748c367835ec_gdc_realn_rehead,308788,18832,3893,331513
9308cfb3-1931-4e3e-92ff-efba26874029_gdc_realn_rehead,133354,40497,19225,193076
932760c0-da82-4c5e-9ded-a16d66ab901f_gdc_realn_rehead,86915,37127,3362,127404
93387379-19eb-49d9-8bd8-b788bc34f146_gdc_realn_rehead,1007694,15851,3697,1027242
93698f1f-65e2-49d6-bc2a-1f7b720e4a35_gdc_realn_rehead,110151,24461,3561,138173
953f2f07-f163-43c9-9762-112d07533f4e_gdc_realn_rehead,106697,21758,6011,134466
95426575-1918-4dcb-839a-5399bf441b71_gdc_realn_rehead,171596,236128,155814,563538
964e7cc2-be12-46c0-9a48-9d680c3b45f2_gdc_realn_rehead,141015,50708,5013,196736
9689e655-bfe7-4a5d-820d-e10550568e18_gdc_realn_rehead,168952,123458,15511,307921
96c55f10-fe83-4c4a-96ca-9884249e1c5d_gdc_realn_rehead,179311,56597,25939,261847
97213ae3-3d55-4d5c-9ab7-aaedb58adf91_gdc_realn_rehead,345722,59896,47265,452883
97ccb4e0-a0b0-4541-88f9-af010324ab7e_gdc_realn_rehead,36280,11329,2282,49891
98114139-5bc5-44a9-b2ce-c69093a1dff1_gdc_realn_rehead,302320,11916,4287,318523
9887451c-e87f-4fac-b552-bf9c31ad8a07_gdc_realn_rehead,128177,32059,10413,170649
98b20326-22f4-49f1-90b1-9fdde8d1bc51_gdc_realn_rehead,74103,18674,10794,103571
98de92bf-93b2-4d62-b097-d96c2fcd6f97_gdc_realn_rehead,215286,22096,4479,241861
9ab58d05-8930-4a78-b233-1200279ffc55_gdc_realn_rehead,131093,66121,30902,228116
9abb3170-120c-4724-84db-664aabd17898_gdc_realn_rehead,116791,68166,37654,222611
9ada9975-6670-40c2-9073-05e75d45bc21_gdc_realn_rehead,269775,330713,196408,796896
9b219189-feb7-42a2-81fd-c35fef0bb8db_gdc_realn_rehead,744166,14139,3306,761611
9b83c397-a996-4787-8341-710bb990ca45_gdc_realn_rehead,186482,19847,2258,208587
9c6a2c74-187d-42e2-bcc1-44d26364215d_gdc_realn_rehead,144984,20670,4377,170031
9cd22571-db06-4af5-864f-0628af4d3dbd_gdc_realn_rehead,55075,16690,3523,75288
9d3f9112-751d-4cdd-8cd6-bbe1bb315955_gdc_realn_rehead,145922,72980,6918,225820
9d428beb-c46f-4adf-8be2-d6e77851c7e7_gdc_realn_rehead,147063,237156,158324,542543
9d722140-b468-459b-a786-cd7646b56cbb_gdc_realn_rehead,167645,100810,5515,273970
9e7fd6f2-ff53-4bda-aeac-2acddcfbf37d_gdc_realn_rehead,138115,39394,16370,193879
9edef544-8bc3-4a4a-adba-36223de21586_gdc_realn_rehead,1110039,52442,36058,1198539
9f760775-9d20-4973-a849-a807f568e525_gdc_realn_rehead,219710,281066,212586,713362
9f809399-b8bf-4a21-a703-14464e6594eb_gdc_realn_rehead,45097,11438,3468,60003
9f87923d-0659-4df8-9676-38aded7de3eb_gdc_realn_rehead,59357,15731,3267,78355
9f899358-c9ba-47a2-a264-7915d772dc81_gdc_realn_rehead,91526,45538,29082,166146
a0793d91-afe3-4f62-b425-3a6f94f92ed9_gdc_realn_rehead,139659,25097,4546,169302
a09082f9-bad5-4f1c-a398-88baf7401bad_gdc_realn_rehead,110027,16882,3604,130513
a1b7941c-ce5c-4c52-99fa-be6865291240_gdc_realn_rehead,1012096,14755,4094,1030945
a39f7ad4-bfeb-45ca-bf5c-23c6ff1f0d7a_gdc_realn_rehead,149895,16851,3596,170342
a4315a1f-9285-4dad-bad4-13c6d1f12516_gdc_realn_rehead,115630,117828,78738,312196
a4d99f39-4f7a-4cbe-ad25-7b6c25b8e6a1_gdc_realn_rehead,198467,21488,7313,227268
a53b56fb-04c3-402c-9236-0bdbd80da2b8_gdc_realn_rehead,53896,12187,3388,69471
a54c5d55-6974-4261-bf32-b41ee24605d9_gdc_realn_rehead,206600,159747,108794,475141
a599d37f-d90f-44a3-b336-d60ebc12665d_gdc_realn_rehead,225241,23403,4823,253467
a5e9d1ee-2e45-4f48-b50d-11f118fc25a2_gdc_realn_rehead,82616,8896,2887,94399
a6292387-ee50-4b41-9e8f-e77107d74a27_gdc_realn_rehead,276239,43753,18503,338495
a6fce128-efab-417a-813e-77c5c4ed49dc_gdc_realn_rehead,47186,15100,3988,66274
a7849c6c-939a-403c-91d4-948dff40c78a_gdc_realn_rehead,183072,19170,4031,206273
a8d44728-8193-4fe6-adcc-fe792481fec7_gdc_realn_rehead,153024,26318,5469,184811
a9080a2d-bb8a-4632-b18e-f833384425b7_gdc_realn_rehead,165748,99047,37116,301911
a9fa477c-8299-41e4-aa5d-e0ae6801a201_gdc_realn_rehead,104732,123162,76013,303907
aa44f578-7400-4ef8-b1b0-8c369bfda870_gdc_realn_rehead,152242,35442,8449,196133
aaf852e9-65a1-415a-88c1-0c40e0dadf18_gdc_realn_rehead,251545,306848,205819,764212
ab0357e0-fabc-4639-afde-ce44a2ba835f_gdc_realn_rehead,264053,165452,65826,495331
ac3c9707-fb5f-472b-8c05-43ef473f2cf9_gdc_realn_rehead,248920,78655,45646,373221
ac4b4447-432f-4b81-9abc-dff196dd48be_gdc_realn_rehead,164358,105511,15535,285404
ac545a99-b3ab-4917-836b-031903d738d3_gdc_realn_rehead,89029,11049,3557,103635
ac930f2b-fa81-4cde-96f2-78484b647696_gdc_realn_rehead,3421113,16652,3151,3440916
ad637a0e-cf79-4abf-b91d-4e3f578149c7_gdc_realn_rehead,511353,15764,7703,534820
ada0db16-af3b-43ce-97e0-ffd75e7fcd66_gdc_realn_rehead,76512,19793,5954,102259
ada7d989-08c8-4639-8298-e0ff3788b030_gdc_realn_rehead,1040954,13164,3105,1057223
af2719bb-3eb8-4d96-add9-3f44ca91e6ae_gdc_realn_rehead,600856,113232,31046,745134
af288cac-29cd-4451-8d3f-6a32fc3e6ab5_gdc_realn_rehead,61621,14291,2704,78616
af360a37-2759-449e-b087-853022490864_gdc_realn_rehead,177647,28336,11364,217347
af6c4fb2-34da-4cbb-b72f-69f4de426ced_gdc_realn_rehead,481577,18271,5889,505737
af946380-8cb3-4066-a814-93dbe06182aa_gdc_realn_rehead,128085,11466,3214,142765
b04cbefe-48d2-40ca-9230-18566adbe9ee_gdc_realn_rehead,115461,13619,3512,132592
b068f692-cfa5-4af2-afca-25effe6d78bf_gdc_realn_rehead,148890,57439,26256,232585
b06d1e8a-4083-4619-8f19-14bb5250b8bf_gdc_realn_rehead,286374,16568,3823,306765
b172cf09-d25d-4865-8acb-866770e3f0d9_gdc_realn_rehead,192671,40610,8476,241757
b2b94908-945e-4a92-add4-e658d5a675f9_gdc_realn_rehead,114545,19403,5146,139094
b2eab631-2e3e-4b65-87fc-a2592b464e45_gdc_realn_rehead,78168,28518,5224,111910
b377ece0-2aa1-47e9-bfe2-bdf45772e5d3_gdc_realn_rehead,140216,80893,8175,229284
b4338016-9ea2-4923-9cf4-64fccafa3fc3_gdc_realn_rehead,101492,38993,4730,145215
b437694e-67b5-4bb6-a285-1bc78e52dfa0_gdc_realn_rehead,106472,27034,6656,140162
b4af3d29-7cf7-469b-aab5-a5a3756b86ab_gdc_realn_rehead,50251,16769,2784,69804
b4b4f1c0-619b-4be7-b12d-7a75964145a9_gdc_realn_rehead,358136,16809,4317,379262
b4f01540-6a25-4ef6-8903-d74d639b1a2c_gdc_realn_rehead,103543,14635,3226,121404
b551a3be-3e32-4ae7-823e-0f4753da8965_gdc_realn_rehead,53343,13547,3066,69956
b6c7b112-81cb-4ae6-b604-1564eabc7aec_gdc_realn_rehead,870323,284451,66472,1221246
b7153e44-127c-43c2-a5ab-2f5974d16d48_gdc_realn_rehead,86455,35718,4708,126881
b77fa2a0-902b-4a38-9944-83d956a4969b_gdc_realn_rehead,317484,411008,308612,1037104
b79a9278-cdfb-429b-8439-f78b61b2a463_gdc_realn_rehead,45489,15734,3208,64431
b7b8be68-e8b7-44bd-90af-e4ac937c6099_gdc_realn_rehead,47815,29274,8953,86042
b7e85d12-23f5-4be5-aafb-c4706eae58e7_gdc_realn_rehead,152483,104472,61214,318169
b8904881-f41a-4e7b-9b16-7364f4392c29_gdc_realn_rehead,119934,33179,4933,158046
b91daf0b-045f-48b9-8323-705e23db9ef8_gdc_realn_rehead,167309,15834,3687,186830
b95bf0a9-afca-47c5-9f48-f7de055e21bc_gdc_realn_rehead,108022,96352,45417,249791
b9cc9fa8-a779-4737-ae96-d045be1a83c9_gdc_realn_rehead,469479,15106,4944,489529
ba3418e3-a846-47e1-8eb4-e71f17277dad_gdc_realn_rehead,99674,8276,1916,109866
ba5834b9-26c7-4be4-bc36-c6483dfd73de_gdc_realn_rehead,150227,95387,16320,261934
babc500d-32ca-4140-a0b8-0b6026d7a184_gdc_realn_rehead,94884,25148,12520,132552
bbaa6853-6001-4323-a536-efe506d34b9c_gdc_realn_rehead,875540,1456811,1216316,3548667
bc09c87b-2952-412e-a097-7e6fa6773f9f_gdc_realn_rehead,610884,17557,4134,632575
bcaf7e2c-5a20-4ac8-95f4-7a4d985d6b00_gdc_realn_rehead,273315,40563,13904,327782
bcc8e80a-c06c-4a1a-b308-9957fc3ca5d4_gdc_realn_rehead,108072,25169,16381,149622
bd743bbb-643e-4598-9cc1-76b335728875_gdc_realn_rehead,98016,18598,2875,119489
be086d64-2023-4de5-b300-798b05b296fc_gdc_realn_rehead,39737,7479,2079,49295
be1802ce-9656-4628-8b4d-725cf33b9177_gdc_realn_rehead,360843,129831,78944,569618
bf0af5cc-bc1c-4d6f-bd02-b47e61d98340_gdc_realn_rehead,356134,14420,4918,375472
bf42e41f-19ac-40c7-abde-ee23378f4606_gdc_realn_rehead,266403,101196,66031,433630
c0994e02-1842-4736-a010-78275693e2ab_gdc_realn_rehead,132040,60249,33778,226067
c09dfd1e-73dd-467e-819a-f3ecb74ada72_gdc_realn_rehead,753219,14844,5138,773201
c0c2b41b-a1ab-4807-8884-031bcf0f2d78_gdc_realn_rehead,228191,389446,257743,875380
c0ea0338-0bfb-4efa-a782-1c8b64b497b9_gdc_realn_rehead,143875,117974,84688,346537
c1c5ced4-6edd-49fb-aa3e-39fb4fcb160a_gdc_realn_rehead,136920,38226,11831,186977
c2555505-efaf-47e8-aa78-7a66231fe7d3_gdc_realn_rehead,199130,167292,85232,451654
c292261b-d8e9-4245-936a-884d0c5f2544_gdc_realn_rehead,122724,48962,21262,192948
c3eb5df6-2a9d-4a29-b59e-f61957650342_gdc_realn_rehead,119025,15994,3482,138501
c4136b84-6002-46f2-ad53-6357680c46c4_gdc_realn_rehead,40975,10127,2389,53491
c4ad66f0-aeaa-4403-83f2-9de01fbdf121_gdc_realn_rehead,253706,24590,4579,282875
c53a091b-d7e6-4dbb-9fb1-b79798e3be40_gdc_realn_rehead,128257,18197,3838,150292
c60209c8-100c-49b0-b218-b587d8c160d4_gdc_realn_rehead,75079,13278,3806,92163
c6173474-4555-47b3-8e79-08b77529d305_gdc_realn_rehead,58169,13934,6687,78790
c62f1332-cebf-46a8-a448-a5b8e9882076_gdc_realn_rehead,120278,26432,6159,152869
c647c365-4730-45de-8fec-2e4b4210a25a_gdc_realn_rehead,103349,22533,18830,144712
c662eb1e-d0f9-4e36-b07a-1464ba06ff99_gdc_realn_rehead,690704,417423,302588,1410715
c6ce140f-895e-4384-8a91-d359f192b805_gdc_realn_rehead,74207,13270,3868,91345
c6edc4ab-9844-45e2-8f04-e66c7280329b_gdc_realn_rehead,91423,17218,3704,112345
c6fef9a2-3a47-4e2f-abf8-47a8eabaed17_gdc_realn_rehead,199045,57091,19510,275646
c704a41c-b658-40bd-82ee-f417a8860d4a_gdc_realn_rehead,52113,13520,3264,68897
c724c63a-bd1c-4c3a-bb6e-a45851bc1cff_gdc_realn_rehead,96103,18228,4196,118527
c739403e-b979-448f-87d5-eaef6b7cc829_gdc_realn_rehead,521275,189199,100128,810602
c79b1fee-717f-4bda-a7ce-79fa09f704e3_gdc_realn_rehead,55808,16608,2742,75158
c7db9199-aa72-49b6-824a-4513d49bf40b_gdc_realn_rehead,64759,16116,6616,87491
c8a86902-3b21-4dd8-afca-231838fafbcb_gdc_realn_rehead,101809,35037,3879,140725
c9ac23a7-7132-4a77-b0b4-02421392b007_gdc_realn_rehead,280126,154549,95609,530284
ca97ca14-28e1-45d3-b1b4-3976528c87d3_gdc_realn_rehead,133574,56886,10779,201239
cbabb77b-4b76-470f-9954-93cad1dcc648_gdc_realn_rehead,293199,248855,186833,728887
cbde09af-ba6c-4271-ad17-cd8eba0953da_gdc_realn_rehead,68294,32211,2625,103130
cbff9d45-b584-436a-8eb5-105282b7e108_gdc_realn_rehead,111012,18705,5879,135596
cc3ad632-c9d1-4d39-a88e-d96e16546502_gdc_realn_rehead,74839,11934,3331,90104
cc9f53c7-cccd-4b31-8c6e-703f38f52793_gdc_realn_rehead,250921,89147,66055,406123
ccbc3839-3872-4593-8470-0d2fafef8b43_gdc_realn_rehead,420256,637831,504113,1562200
ce808b0c-3489-40a1-bd93-6560a86eadf9_gdc_realn_rehead,251375,182542,106634,540551
cf295bbd-412b-4069-8b65-5e2aeafa5860_gdc_realn_rehead,149410,25777,13836,189023
cf848204-ab90-43d5-b51a-636e2ea53251_gdc_realn_rehead,141131,32051,8747,181929
cfa6da64-1aaf-4768-b0e2-441f107b20b5_gdc_realn_rehead,28573,11187,2288,42048
cfb9de97-4c33-4dc1-a215-eada38f46002_gdc_realn_rehead,34647,6501,2070,43218
d04d83a4-fbe1-4b6a-a48d-2950394a67bb_gdc_realn_rehead,78390,14077,4315,96782
d0979620-999f-44c7-9e8b-44548f7927ef_gdc_realn_rehead,46737,20283,3021,70041
d0a10942-3ebe-4702-8a98-49be26383c1d_gdc_realn_rehead,958187,18458,7777,984422
d183f094-597f-496e-abf4-8f77f0a66803_gdc_realn_rehead,296679,241638,175803,714120
d1ca3c75-618e-4bb8-ba23-d6fb5c6ed498_gdc_realn_rehead,255588,58399,35714,349701
d200955d-d630-4f29-9751-49b426799910_gdc_realn_rehead,67507,26676,15981,110164
d21f8c84-d0e2-421e-bcb8-5235fc94e8b0_gdc_realn_rehead,92893,27314,3956,124163
d3122e5e-854d-42be-a486-35f34cf21375_gdc_realn_rehead,689545,1313071,1116160,3118776
d31d667b-4a5a-4e59-87fb-cc7503d52fd1_gdc_realn_rehead,52694,9570,1127,63391
d3467666-fc2e-41f7-95d2-215c7e36c715_gdc_realn_rehead,63657,23931,4540,92128
d36f19ee-d391-42b2-a07e-c5cdd8ff825a_gdc_realn_rehead,120101,52415,30499,203015
d3ff4a36-36de-43c1-a69b-0f28349ffedd_gdc_realn_rehead,132545,6638,2224,141407
d42a6fe0-8988-43ec-93fb-eec85f3dfd62_gdc_realn_rehead,299911,213460,132604,645975
d4da4d75-2b9d-4452-a759-fc1b95424d1a_gdc_realn_rehead,261945,11812,4174,277931
d58dcefa-3885-4908-a31d-f3ec29731b89_gdc_realn_rehead,1148370,20871,3867,1173108
d695f549-ae64-4250-bc73-0797ae12dbb9_gdc_realn_rehead,98055,17909,4871,120835
d6fd59c2-67e4-4210-b767-49a70081e088_gdc_realn_rehead,132816,28738,14551,176105
d7e713bb-dfc3-44d4-bef8-0cea378021f3_gdc_realn_rehead,245583,217823,20883,484289
d8183508-e323-4a1f-ac65-4b89c848247f_gdc_realn_rehead,103423,10308,2671,116402
d8a50613-18b9-4b66-bbb2-2e602181e159_gdc_realn_rehead,283832,32299,6905,323036
d8bf6c8b-b1ef-4bd2-80dd-4942a92004ff_gdc_realn_rehead,491003,128395,61150,680548
d908f378-a7f0-4f06-8e44-1da223489b11_gdc_realn_rehead,97920,20720,5393,124033
db070141-5d9d-448c-9f97-a0737762c9c2_gdc_realn_rehead,36279,8061,2123,46463
db5ec268-8a17-42af-98c9-b9101ba35b4e_gdc_realn_rehead,176920,38861,4046,219827
dbfa3bd7-1875-4d2f-9ff2-3c44e7f00a63_gdc_realn_rehead,94560,21262,2800,118622
dc959928-cf3f-4086-b677-6781aabcd9cf_gdc_realn_rehead,104355,16017,3512,123884
dd5bc467-74b5-4e1f-95f5-0a7ce776d5d8_gdc_realn_rehead,88865,17775,4218,110858
ddd400df-3376-447a-859b-7415a679eb46_gdc_realn_rehead,100594,11894,2553,115041
de162e91-f450-4632-8779-d24839cd7769_gdc_realn_rehead,62050,24145,3096,89291
de1a0b2a-4889-4f85-97de-f76b326810be_gdc_realn_rehead,37312,9912,3644,50868
de224e71-2a83-4a83-b224-5d2f5e2634d6_gdc_realn_rehead,223312,182392,114492,520196
de3be65f-e5f2-4cd1-8617-c8ca750d26c6_gdc_realn_rehead,101904,47932,12534,162370
df2b8be0-d350-4040-b7e0-3010af884088_gdc_realn_rehead,139328,56631,36728,232687
df3bbe0f-5c32-4a81-9826-95ddf6c023d9_gdc_realn_rehead,246718,94854,71361,412933
df879d51-77e7-4e0e-a971-fee30a730693_gdc_realn_rehead,267714,32429,5552,305695
e0b53534-5cb2-47aa-9307-038b5774047f_gdc_realn_rehead,31257,12518,3597,47372
e1401cdb-f005-41c9-b6bc-4d0f16b9fe0a_gdc_realn_rehead,238760,42722,21889,303371
e2719657-ea1e-4320-8ddf-71d6d38edc59_gdc_realn_rehead,173300,62782,36738,272820
e3a8f442-5157-4153-8ca1-9dfb11b8992c_gdc_realn_rehead,1566532,126523,77047,1770102
e3c8680d-9811-46f6-ad67-fcbe90a7643c_gdc_realn_rehead,229739,210014,154108,593861
e3d8e66a-e824-4cd9-8286-82ea6e89c61b_gdc_realn_rehead,124149,25180,2414,151743
e43a9fd6-972b-47a1-9980-3a48d6c319cc_gdc_realn_rehead,95759,29378,2920,128057
e442424c-d90a-4590-9ec3-ab277915ebe8_gdc_realn_rehead,185115,221157,152812,559084
e4772ebe-e255-414a-9a45-c8cb8da4cf3e_gdc_realn_rehead,303237,459080,369619,1131936
e4d6bbe2-27f8-4e94-bc61-d1461699b303_gdc_realn_rehead,110057,28130,2757,140944
e517a5a8-7e15-4a0d-a9ad-8043e9e219ed_gdc_realn_rehead,104888,47209,15737,167834
e5202865-61df-41d8-8b86-214f9c31dee9_gdc_realn_rehead,277712,166522,10852,455086
e520ef9a-1809-4173-8ecb-5d27ce34e289_gdc_realn_rehead,588546,42191,18028,648765
e5a46b37-23a4-4314-bf69-0bc355587db8_gdc_realn_rehead,66523,29034,4239,99796
e61b8a2e-0004-4dec-ac69-8a6f1bd91267_gdc_realn_rehead,94720,25222,4140,124082
e6546ed1-a2ce-4e0d-bc91-4d8eafafd320_gdc_realn_rehead,90624,16779,5766,113169
e66bf758-e262-41f7-8493-7b0e1816fd7d_gdc_realn_rehead,5849466,2428277,1785453,10063196
e766131f-2121-476e-bf3a-d672727305d8_gdc_realn_rehead,104433,10830,3418,118681
e7a13a3e-e7d4-460b-a3ed-3743c53539e8_gdc_realn_rehead,227682,26713,8550,262945
e83ffc55-add9-4950-9bc4-d6b096b41b85_gdc_realn_rehead,329816,27633,14520,371969
e8a61b15-385b-4315-8186-d5861329d1af_gdc_realn_rehead,37319,12887,3396,53602
e958ee07-138e-4a6d-a636-162fb43415f7_gdc_realn_rehead,83422,40970,14138,138530
eb1730cb-d70f-42c0-baff-9c184624fafe_gdc_realn_rehead,49471,14265,7234,70970
ebc14cb5-9fc1-4e53-9bcd-12f7cd8abd5b_gdc_realn_rehead,378956,375563,286665,1041184
ebc9000d-cd65-4bef-9970-05ac2765c635_gdc_realn_rehead,5032362,2048208,1251657,8332227
ebf6d5b9-6359-46d9-9e73-066a15b5f903_gdc_realn_rehead,97682,32168,10063,139913
ec1f4523-1e3c-40ea-b1ca-9c8d45c4b2f1_gdc_realn_rehead,303071,128664,89309,521044
ec3083b6-01bf-4786-b497-6386cf8c8c2f_gdc_realn_rehead,101216,40245,3862,145323
ec45c6b7-4f9d-4ed0-88c5-e299bb080796_gdc_realn_rehead,42099,13176,6748,62023
ed62afa2-3aba-4145-87cf-81fd83995bcc_gdc_realn_rehead,192600,36040,5387,234027
ede95e93-3dbc-4466-a13b-3760fdac6725_gdc_realn_rehead,947618,21850,10944,980412
edec2c3f-f55f-49f8-aef2-06a59b916223_gdc_realn_rehead,177705,51528,32533,261766
edf8425b-8f0e-46d0-9414-c3c34bdd1825_gdc_realn_rehead,120266,111718,77519,309503
eea9c3ca-f66c-471e-8de8-b13af4bc3035_gdc_realn_rehead,160948,98899,16421,276268
ef02f153-1aa1-443b-a2ec-acfb0d4df642_gdc_realn_rehead,141769,39005,14818,195592
ef7f7b28-be50-473c-8ef2-024df14ab9db_gdc_realn_rehead,197344,26215,3314,226873
ef83997e-5078-41b9-88bb-c8a7797de7b9_gdc_realn_rehead,181532,38931,19389,239852
efdefcf1-058e-4a6f-94f7-025281072a57_gdc_realn_rehead,50223,20272,3350,73845
f0230c35-06f0-4ef2-ad92-cdead9cd3612_gdc_realn_rehead,98235,31337,12270,141842
f0834293-e53f-4da7-98d2-58c8c806ece4_gdc_realn_rehead,122139,24117,7411,153667
f09dc623-3571-49dd-a03c-39d2339bee6b_gdc_realn_rehead,132621,24728,6055,163404
f1e561b4-5885-4237-aad3-b8d3086a4a91_gdc_realn_rehead,240982,167642,131255,539879
f2d675c9-7f81-4316-ab53-32603e23cef2_gdc_realn_rehead,72933,19703,3571,96207
f30a90f0-d618-4203-84ec-1a541c937422_gdc_realn_rehead,46143,12885,2435,61463
f352439c-7abf-4d58-8cd2-d2f8293e01b8_gdc_realn_rehead,188433,126689,8141,323263
f3b4ecc6-9529-4e99-8c82-097c79cdb18d_gdc_realn_rehead,30689,10142,4646,45477
f493fc9c-abd8-4623-b03b-6300c13a3198_gdc_realn_rehead,97143,12519,3250,112912
f4f6d8c0-a78d-4ee1-93e1-48a8c9d23cb4_gdc_realn_rehead,206384,22168,4482,233034
f506727a-caaa-47e2-9743-aa6a695d85f4_gdc_realn_rehead,54080,10784,3348,68212
f51b0451-6e87-478f-be27-e435716baa58_gdc_realn_rehead,169610,25947,5967,201524
f65f08cc-70e8-4ff0-b96f-2105c8e9e3b5_gdc_realn_rehead,55765,8860,3006,67631
f6964ff1-86fc-4c15-9c8a-6483e730d6ca_gdc_realn_rehead,945461,16507,4999,966967
f6ad3404-02e4-43cf-9635-53194a0ce6eb_gdc_realn_rehead,82704,16475,3684,102863
f6bbc724-a65b-4dff-bf3f-8860c8f3f6c0_gdc_realn_rehead,281772,196674,116410,594856
f7f51052-0994-49aa-b55a-f84b21429e80_gdc_realn_rehead,6097011,2673357,2059752,10830120
f80010ab-f72c-4bca-864d-e36fef38d2f6_gdc_realn_rehead,179572,19939,4371,203882
f961d2bf-a79d-424e-bdde-b61be23a812d_gdc_realn_rehead,339430,35996,9946,385372
f9b76a95-3662-4d4f-af06-0c2c270934fe_gdc_realn_rehead,116824,27440,4843,149107
fa7246ef-c9ef-4494-9a5c-31b6eb90e802_gdc_realn_rehead,72879,9621,2409,84909
fa78346e-fefc-402c-90ed-9eb47b7535c9_gdc_realn_rehead,93443,57130,4026,154599
fa873c9a-307c-4648-bc8e-7f378cba203b_gdc_realn_rehead,97926,34847,5882,138655
faa037d3-17a1-4fc7-a97d-b1cc7939b63a_gdc_realn_rehead,459512,24289,7739,491540
fab69797-095e-43b5-bb4f-1352f189b74b_gdc_realn_rehead,168941,95776,59429,324146
fb0ea13e-3101-49ea-a6c7-16bd08e1f4e7_gdc_realn_rehead,201379,86811,43834,332024
fb58711e-3506-44e3-b668-e69a823a2f81_gdc_realn_rehead,80388,24968,4812,110168
fb891a85-37cc-4dd6-a809-7a0ebbb9ad62_gdc_realn_rehead,95279,8905,3057,107241
fb9ed024-85f7-4d1d-95a1-fc8dd94b9fd7_gdc_realn_rehead,234322,313427,224144,771893
fc1eb4dd-f37e-4083-81cf-1f66df5d9e35_gdc_realn_rehead,116654,25870,8486,151010
fc54ebaf-5f7e-4f81-964d-832b771fec36_gdc_realn_rehead,420307,131197,76010,627514
fcbdf83c-a4a2-4af4-ab23-8d7371516786_gdc_realn_rehead,134434,42547,12739,189720
fd115281-11b4-40c6-8630-302d801c1a2b_gdc_realn_rehead,689486,21974,7565,719025
fd89981a-e0ad-425b-a456-60edba4bd7a5_gdc_realn_rehead,61677,7993,1623,71293
fed55b2d-2c04-4a5b-b714-38962c061f72_gdc_realn_rehead,343047,77803,53716,474566
ff2933b8-ae30-4496-9c79-3a99c10961a2_gdc_realn_rehead,320888,42892,19061,382841
ff339b43-5721-4531-a826-e6f3fec3eda5_gdc_realn_rehead,35483,17368,2162,55013
ff66bffd-adb7-4988-b1b9-fee069234eff_gdc_realn_rehead,153520,18558,5173,177251
ffcb5ac6-a396-4fae-a4f5-08760f13e96c_gdc_realn_rehead,177096,16883,3823,197802
ffd63a6c-92e0-44cd-a6d4-a0cd86b59209_gdc_realn_rehead,452487,52588,34752,539827
