CDR3,count,relative.frequency
CAAWDASLSVVF,4,0.00041999160016799666
CAAWDDDLNGVVF,2,0.00020999580008399833
CAAWDDLLNGYVF,2,0.00020999580008399833
CAAWDDNLNGVVF,3,0.0003149937001259975
CAAWDDNLSGQWVF,4,0.00041999160016799666
CAAWDDRLNGHVF,4,0.00041999160016799666
CAAWDDRLNGPVF,2,0.00020999580008399833
CAAWDDRLNKVF,4,0.00041999160016799666
CAAWDDRLSGRVF,2,0.00020999580008399833
CAAWDDRLSSVVF,2,0.00020999580008399833
CAAWDDSIDGWVF,2,0.00020999580008399833
CAAWDDSLAGVVF,7,0.0007349853002939942
CAAWDDSLDGWVF,8,0.0008399832003359933
CAAWDDSLDGYVF,4,0.00041999160016799666
CAAWDDSLIGPVF,10,0.0010499790004199917
CAAWDDSLIGQVF,13,0.0013649727005459892
CAAWDDSLIGVVF,2,0.00020999580008399833
CAAWDDSLIGWVF,6,0.000629987400251995
CAAWDDSLKGVVF,4,0.00041999160016799666
CAAWDDSLKVVF,4,0.00041999160016799666
CAAWDDSLNALLF,8,0.0008399832003359933
CAAWDDSLNAVVF,2,0.00020999580008399833
CAAWDDSLNAWVF,12,0.00125997480050399
CAAWDDSLNAYVF,2,0.00020999580008399833
CAAWDDSLNGAVF,6,0.000629987400251995
CAAWDDSLNGCWVF,10,0.0010499790004199917
CAAWDDSLNGDVVF,4,0.00041999160016799666
CAAWDDSLNGFYVF,6,0.000629987400251995
CAAWDDSLNGGGVF,2,0.00020999580008399833
CAAWDDSLNGGVF,8,0.0008399832003359933
CAAWDDSLNGHVVF,5,0.0005249895002099958
CAAWDDSLNGHYVF,3,0.0003149937001259975
CAAWDDSLNGLVF,127,0.013334733305333893
CAAWDDSLNGPGF,4,0.00041999160016799666
CAAWDDSLNGPVF,195,0.020474590508189835
CAAWDDSLNGQVF,5,0.0005249895002099958
CAAWDDSLNGRVF,16,0.0016799664006719867
CAAWDDSLNGSVF,38,0.003989920201595968
CAAWDDSLNGVIF,4,0.00041999160016799666
CAAWDDSLNGVVF,329,0.03454430911381772
CAAWDDSLNGWLF,4,0.00041999160016799666
CAAWDDSLNGWVF,66,0.006929861402771945
CAAWDDSLNGYVF,44,0.004619907601847963
CAAWDDSLNIVVF,4,0.00041999160016799666
CAAWDDSLNSWIF,2,0.00020999580008399833
CAAWDDSLNVYVF,2,0.00020999580008399833
CAAWDDSLRAWVF,2,0.00020999580008399833
CAAWDDSLRGRVF,6,0.000629987400251995
CAAWDDSLRGVF,40,0.004199916001679967
CAAWDDSLRVF,9,0.0009449811003779924
CAAWDDSLSALVF,2,0.00020999580008399833
CAAWDDSLSAVVF,4,0.00041999160016799666
CAAWDDSLSAYVF,2,0.00020999580008399833
CAAWDDSLSGHVVF,3,0.0003149937001259975
CAAWDDSLSGLVF,3,0.0003149937001259975
CAAWDDSLSGQVF,2,0.00020999580008399833
CAAWDDSLSGRVF,10,0.0010499790004199917
CAAWDDSLSGRVVF,2,0.00020999580008399833
CAAWDDSLSGVVF,49,0.005144897102057959
CAAWDDSLSGWVF,13,0.0013649727005459892
CAAWDDSLSLVVF,5,0.0005249895002099958
CAAWDDSLTGVVF,4,0.00041999160016799666
CAAWDDSRNGVVF,2,0.00020999580008399833
CAAWDDSVNGVAF,12,0.00125997480050399
CAAWDDSVNGWVF,3,0.0003149937001259975
CAAWDDSVRGRVF,4,0.00041999160016799666
CAAWDDSVSGVVF,2,0.00020999580008399833
CAAWDDTLNGPVF,2,0.00020999580008399833
CAAWDDTLSGVVF,2,0.00020999580008399833
CAAWDESLNGPVF,2,0.00020999580008399833
CAAWDESLSGRVF,4,0.00041999160016799666
CAAWDGSLNGVVF,5,0.0005249895002099958
CAAWDKSLNGHVVF,2,0.00020999580008399833
CAAWDNSLNAVVF,2,0.00020999580008399833
CAAWDVSLNGRVF,2,0.00020999580008399833
CAAWEDGLNGWVF,2,0.00020999580008399833
CAIWDDSLSAWVF,2,0.00020999580008399833
CAIWDDSLTGWVF,4,0.00041999160016799666
CAIWHSSAWVF,2,0.00020999580008399833
CALYMGSGHWVF,2,0.00020999580008399833
CAPWDDSLNGRVF,44,0.004619907601847963
CAPWDDSLNGWVF,2,0.00020999580008399833
CASRDDSLNGVVF,3,0.0003149937001259975
CASWDDSLNGHVVF,4,0.00041999160016799666
CASWDDSLNGPVF,8,0.0008399832003359933
CASWDDSLNGRVF,4,0.00041999160016799666
CASWDDSLNGVIF,7,0.0007349853002939942
CASWDDSLNGVLF,5,0.0005249895002099958
CASWDDSLNGVVF,11,0.0011549769004619908
CASWDDSLNVYVF,2,0.00020999580008399833
CASWDDSLPGYVF,2,0.00020999580008399833
CASWDDSLSGVVF,6,0.000629987400251995
CASWDDSLSVLF,2,0.00020999580008399833
CASYAGSNNFVAF,3,0.0003149937001259975
CASYTSSSTLVF,12,0.00125997480050399
CATWDDSLGGPVF,4,0.00041999160016799666
CATWDDSLIGGVF,28,0.0029399412011759767
CATWDDSLKGVF,2,0.00020999580008399833
CATWDDSLNAHVF,3,0.0003149937001259975
CATWDDSLNGLVF,3,0.0003149937001259975
CATWDDSLNGPVF,3,0.0003149937001259975
CATWDDSLNGVVF,24,0.00251994960100798
CATWDDSLNGWVF,13,0.0013649727005459892
CATWDDSLSALVF,5,0.0005249895002099958
CATWDDSLSGLVF,2,0.00020999580008399833
CATWDDSLSGPVF,12,0.00125997480050399
CATWDDSLSGVVF,4,0.00041999160016799666
CATWDDSLSGWVF,9,0.0009449811003779924
CATWDDTLNGWVF,7,0.0007349853002939942
CATWDGSLNGVVF,13,0.0013649727005459892
CATWDGSLSGVVF,4,0.00041999160016799666
CATWDRSLSAVVF,2,0.00020999580008399833
CATWDSRLSAVVF,2,0.00020999580008399833
CATWDSSLSAVVF,6,0.000629987400251995
CATWDYSLSAAVF,2,0.00020999580008399833
CAVWDDSLNGPVF,21,0.0022049559008819825
CAVWDDSLNGRVF,4,0.00041999160016799666
CAVWDDSLNGVVF,12,0.00125997480050399
CAVWDDSLNGYVF,2,0.00020999580008399833
CAVWDDSLSGWVF,6,0.000629987400251995
CCSYAGSNNFGVF,9,0.0009449811003779924
CCSYAGSSF,13,0.0013649727005459892
CCSYAGSSTFVF,2,0.00020999580008399833
CCSYAGSSTFYVF,3,0.0003149937001259975
CCSYAGSSTLVF,3,0.0003149937001259975
CCSYAGSSTVVF,4,0.00041999160016799666
CCSYAGSSTWVF,49,0.005144897102057959
CCSYAGSSTYVVF,5,0.0005249895002099958
CCSYAGSYTFYVF,2,0.00020999580008399833
CCSYAGSYTKVF,2,0.00020999580008399833
CCSYAGSYTSVF,4,0.00041999160016799666
CCSYAGSYTVF,7,0.0007349853002939942
CCSYAGSYTVLF,9,0.0009449811003779924
CCSYAGSYTWLF,2,0.00020999580008399833
CCSYAGSYTWVF,12,0.00125997480050399
CCSYAGSYTYVF,2,0.00020999580008399833
CCSYAGSYTYVVF,3,0.0003149937001259975
CCSYTSSNTWVF,2,0.00020999580008399833
CCSYTSSSTLVF,2,0.00020999580008399833
CDSRDSSGNHLGVF,4,0.00041999160016799666
CDSRDSSGNHLRVF,105,0.011024779504409912
CEAWDDSLNGPVF,2,0.00020999580008399833
CESADSSGPRVF,2,0.00020999580008399833
CETWDSDTRIF,3,0.0003149937001259975
CETWDSNTHVVF,5,0.0005249895002099958
CETWDSNTPVF,2,0.00020999580008399833
CETWDSNTRVF,9,0.0009449811003779924
CETWDSSLATVVF,2,0.00020999580008399833
CETWDSSLRAVVF,4,0.00041999160016799666
CETWGNGILLWF,4,0.00041999160016799666
CETWHSNTRLF,2,0.00020999580008399833
CETWQSDTRIF,2,0.00020999580008399833
CETWYSDTRVF,2,0.00020999580008399833
CFLSYSGAQVF,2,0.00020999580008399833
CGAWDDSLNGFVF,2,0.00020999580008399833
CGAWDDSLNGVVF,7,0.0007349853002939942
CGAWDDSLTGLVF,3,0.0003149937001259975
CGAWDSSLSAGVF,19,0.001994960100797984
CGAWDSSLSAVVF,3,0.0003149937001259975
CGAWDSSLSAWVF,3,0.0003149937001259975
CGAWDSSLSGVF,3,0.0003149937001259975
CGAWDTSLSAGVF,5,0.0005249895002099958
CGSPDSSGNRPF,2,0.00020999580008399833
CGSWDSRLSAGVF,2,0.00020999580008399833
CGSWDSSLSVGVF,2,0.00020999580008399833
CGTFDSSMSAVVF,3,0.0003149937001259975
CGTWDASLSAVVF,9,0.0009449811003779924
CGTWDDSLSAGVF,2,0.00020999580008399833
CGTWDDSLSVDVF,15,0.0015749685006299875
CGTWDGSLSAVVF,2,0.00020999580008399833
CGTWDNNLSAGVF,2,0.00020999580008399833
CGTWDNRLSAGVF,2,0.00020999580008399833
CGTWDNSLSAEVF,2,0.00020999580008399833
CGTWDNSLSAGVF,2,0.00020999580008399833
CGTWDNSLSAVVF,4,0.00041999160016799666
CGTWDNSLSGGVF,2,0.00020999580008399833
CGTWDNSLSVVF,2,0.00020999580008399833
CGTWDNSLSVVVF,4,0.00041999160016799666
CGTWDRSLSAVVF,2,0.00020999580008399833
CGTWDSALSAWVF,2,0.00020999580008399833
CGTWDSCLSAGVF,2,0.00020999580008399833
CGTWDSGLSAGVF,2,0.00020999580008399833
CGTWDSNLSAVVF,30,0.003149937001259975
CGTWDSRLSAGVF,2,0.00020999580008399833
CGTWDSSLCAVVF,2,0.00020999580008399833
CGTWDSSLNAAVF,8,0.0008399832003359933
CGTWDSSLNAGVF,2,0.00020999580008399833
CGTWDSSLQLWVF,2,0.00020999580008399833
CGTWDSSLRAVVF,2,0.00020999580008399833
CGTWDSSLSADVF,2,0.00020999580008399833
CGTWDSSLSADVVF,2,0.00020999580008399833
CGTWDSSLSAFLF,5,0.0005249895002099958
CGTWDSSLSAGAF,2,0.00020999580008399833
CGTWDSSLSAGVF,124,0.013019739605207897
CGTWDSSLSASYVF,3,0.0003149937001259975
CGTWDSSLSAVAF,18,0.0018899622007559848
CGTWDSSLSAVF,2,0.00020999580008399833
CGTWDSSLSAVVF,31,0.003254934901301974
CGTWDSSLSAWVF,8,0.0008399832003359933
CGTWDSSLSGVF,13,0.0013649727005459892
CGTWDSSLSGVVF,2,0.00020999580008399833
CGTWDSSLSGWVF,5,0.0005249895002099958
CGTWDSSLSHVVF,6,0.000629987400251995
CGTWDSSLSIVF,2,0.00020999580008399833
CGTWDSSLSSVVF,2,0.00020999580008399833
CGTWDSSLSSWVF,3,0.0003149937001259975
CGTWDSSLSTVVF,5,0.0005249895002099958
CGTWDSSLSTWVF,2,0.00020999580008399833
CGTWDSSLSVGVF,3,0.0003149937001259975
CGTWDSSLSVVVF,10,0.0010499790004199917
CGTWDSSLSVWMF,2,0.00020999580008399833
CGTWDSSLSVWVF,4,0.00041999160016799666
CGTWDSSLTAAVF,5,0.0005249895002099958
CGTWDSSLTAGVF,4,0.00041999160016799666
CGTWDSSLTALIF,3,0.0003149937001259975
CGTWDSTLSAWVF,507,0.05323393532129357
CGTWDTSLSAGVF,8,0.0008399832003359933
CGTWDTSLSAVVF,5,0.0005249895002099958
CGTWDTSLSAWVF,14,0.0014699706005879883
CGTWDTSLTAGVF,2,0.00020999580008399833
CGTWDVSLNAVVF,3,0.0003149937001259975
CGTWESSLSAGVF,4,0.00041999160016799666
CGTWHSNSKTHGVF,2,0.00020999580008399833
CGVWDSSLSAGVF,2,0.00020999580008399833
CHSYDSSLSGPVF,2,0.00020999580008399833
CHVWDSSSDHHVF,3,0.0003149937001259975
CISYTSSSTLEVF,3,0.0003149937001259975
CLLSFSGVRVF,5,0.0005249895002099958
CLLSQSGARVF,4,0.00041999160016799666
CLLSYGGARVF,4,0.00041999160016799666
CLLSYGGAWVF,7,0.0007349853002939942
CLLSYNGARVF,4,0.00041999160016799666
CLLSYPGFRVF,2,0.00020999580008399833
CLLSYSDGRPVF,2,0.00020999580008399833
CLLSYSGAFWVF,2,0.00020999580008399833
CLLSYSGAGVF,65,0.006824863502729946
CLLSYSGARVF,13,0.0013649727005459892
CLLSYSGAWVF,15,0.0015749685006299875
CLLSYSGAYVVF,2,0.00020999580008399833
CLLSYSGIWVF,2,0.00020999580008399833
CLLSYSGTWVF,4,0.00041999160016799666
CLLSYTGAGVF,20,0.0020999580008399833
CLLYDGGAWVF,4,0.00041999160016799666
CLLYYDGGQGVF,3,0.0003149937001259975
CLLYYDGVQVVF,2,0.00020999580008399833
CLLYYGAAQGVF,20,0.0020999580008399833
CLLYYGGAPVF,4,0.00041999160016799666
CLLYYGGAQLWVF,2,0.00020999580008399833
CLLYYGGAQPWVF,15,0.0015749685006299875
CLLYYGGAQPYVF,7,0.0007349853002939942
CLLYYGGARVF,7,0.0007349853002939942
CLLYYGGAWVF,3,0.0003149937001259975
CLLYYGGGQGVF,2,0.00020999580008399833
CLLYYGPTQGVF,7,0.0007349853002939942
CLLYYGSAYVF,6,0.000629987400251995
CLSADDSGVWVF,7,0.0007349853002939942
CLSADSSGIFVF,2,0.00020999580008399833
CLSADSSGVWVF,25,0.002624947501049979
CLSADSSNTWVF,3,0.0003149937001259975
CLSSDSSGIFVF,2,0.00020999580008399833
CLSTDSSGTYKVF,2,0.00020999580008399833
CLSYDSSLTGYVF,3,0.0003149937001259975
CMIWHNSARVF,10,0.0010499790004199917
CMIWHSGAVVF,2,0.00020999580008399833
CMIWHSGAWVF,2,0.00020999580008399833
CMIWHSNAWVF,4,0.00041999160016799666
CMIWHSSAVVF,2,0.00020999580008399833
CMIWHSSAWVF,3,0.0003149937001259975
CMMWPSNAYVVF,3,0.0003149937001259975
CMVWHSSASVF,3,0.0003149937001259975
CNSRDDSPNHLVF,2,0.00020999580008399833
CNSRDGSGNHVIF,8,0.0008399832003359933
CNSRDGSGNHVVF,2,0.00020999580008399833
CNSRDISGNHMIF,3,0.0003149937001259975
CNSRDNSGNHLRVVF,2,0.00020999580008399833
CNSRDNSGNHLVF,3,0.0003149937001259975
CNSRDNSGNHVVF,2,0.00020999580008399833
CNSRDSGGDHLVF,2,0.00020999580008399833
CNSRDSGGNHLHVVF,2,0.00020999580008399833
CNSRDSSANHLIF,2,0.00020999580008399833
CNSRDSSGDHLLF,2,0.00020999580008399833
CNSRDSSGHHPF,2,0.00020999580008399833
CNSRDSSGNFVF,2,0.00020999580008399833
CNSRDSSGNHLGVF,2,0.00020999580008399833
CNSRDSSGNHLVF,23,0.002414951700965981
CNSRDSSGNHPLF,2,0.00020999580008399833
CNSRDSSGNHRVF,3,0.0003149937001259975
CNSRDSSGNHVVF,25,0.002624947501049979
CNSRDSSGNHYVF,2,0.00020999580008399833
CNSRDSSGNLF,3,0.0003149937001259975
CNSRDSSGNLVIF,2,0.00020999580008399833
CNSRDSSGNLWVF,31,0.003254934901301974
CNSRDSSGNREVF,2,0.00020999580008399833
CNSRDSSGNRVF,2,0.00020999580008399833
CNSRDSSGNRVVF,16,0.0016799664006719867
CNSRDSSGNRWVF,2,0.00020999580008399833
CNSRDSSGNVVF,5,0.0005249895002099958
CNSRDSSGTHVVF,4,0.00041999160016799666
CNSRDSSSNHYVF,2,0.00020999580008399833
CNSRDSTGNHLVF,7,0.0007349853002939942
CNSRDTSGNHLVF,38,0.003989920201595968
CNSRDTSGNHPF,2,0.00020999580008399833
CNSRDTSGNHVVF,2,0.00020999580008399833
CNSRHSSGNHLVF,3,0.0003149937001259975
CNSYAGSNNLLF,4,0.00041999160016799666
CNSYTSSNTWVF,6,0.000629987400251995
CQAFDSTTAVF,3,0.0003149937001259975
CQAWDDSAAVF,2,0.00020999580008399833
CQAWDDSTGVF,4,0.00041999160016799666
CQAWDGITAVF,40,0.004199916001679967
CQAWDGSTVVF,15,0.0015749685006299875
CQAWDISTVVF,5,0.0005249895002099958
CQAWDNSTAVF,16,0.0016799664006719867
CQAWDNSTPVF,4,0.00041999160016799666
CQAWDNSVAF,2,0.00020999580008399833
CQAWDRGTAVF,20,0.0020999580008399833
CQAWDSATGVF,2,0.00020999580008399833
CQAWDSGTAVF,7,0.0007349853002939942
CQAWDSITYVF,3,0.0003149937001259975
CQAWDSNTAEVF,6,0.000629987400251995
CQAWDSNTAVF,3,0.0003149937001259975
CQAWDSNTGVF,6,0.000629987400251995
CQAWDSNTVIF,4,0.00041999160016799666
CQAWDSNTVVF,11,0.0011549769004619908
CQAWDSRTAVIF,2,0.00020999580008399833
CQAWDSRTVF,11,0.0011549769004619908
CQAWDSSAVVF,13,0.0013649727005459892
CQAWDSSLVVF,4,0.00041999160016799666
CQAWDSSPVF,6,0.000629987400251995
CQAWDSSSHVVF,8,0.0008399832003359933
CQAWDSSTAIF,4,0.00041999160016799666
CQAWDSSTALF,4,0.00041999160016799666
CQAWDSSTAVF,7,0.0007349853002939942
CQAWDSSTAVVF,6,0.000629987400251995
CQAWDSSTGGVF,9,0.0009449811003779924
CQAWDSSTGVF,12,0.00125997480050399
CQAWDSSTIIF,4,0.00041999160016799666
CQAWDSSTPYVF,2,0.00020999580008399833
CQAWDSSTSLF,6,0.000629987400251995
CQAWDSSTTWVF,2,0.00020999580008399833
CQAWDSSTVAF,2,0.00020999580008399833
CQAWDSSTVF,110,0.011549769004619908
CQAWDSSTVVF,122,0.012809743805123898
CQAWDSSTYVF,4,0.00041999160016799666
CQAWDSSWGVF,4,0.00041999160016799666
CQAWDSTTAGYVF,12,0.00125997480050399
CQAWDSTTGVF,8,0.0008399832003359933
CQAWDSTTVIF,3,0.0003149937001259975
CQAWDSTTVVF,6,0.000629987400251995
CQAWDTSTVVF,2,0.00020999580008399833
CQAWDTTTAVF,4,0.00041999160016799666
CQAWDVSTAVF,4,0.00041999160016799666
CQAWDVSTVF,4,0.00041999160016799666
CQAWGAGIRF,2,0.00020999580008399833
CQAWGSSTVVF,2,0.00020999580008399833
CQAWGTGFQFF,11,0.0011549769004619908
CQAWGTGIWVF,5,0.0005249895002099958
CQAWYSSTVVF,6,0.000629987400251995
CQAYDSTTAVF,6,0.000629987400251995
CQAYDTSLSGLVF,2,0.00020999580008399833
CQLWDSSSDHHVF,6,0.000629987400251995
CQLWDSTTAVF,5,0.0005249895002099958
CQRWDSNTFVF,2,0.00020999580008399833
CQSADGSGTVVF,2,0.00020999580008399833
CQSADHSGTYVVF,52,0.005459890802183957
CQSADISGTYVIF,177,0.01858462830743385
CQSADISGTYVVF,2,0.00020999580008399833
CQSADNSGAYVVF,5,0.0005249895002099958
CQSADNSGTSVF,3,0.0003149937001259975
CQSADNSGTSYVF,2,0.00020999580008399833
CQSADNSGTYVVF,14,0.0014699706005879883
CQSADNTGTYVVF,2,0.00020999580008399833
CQSADRSGSYEVF,2,0.00020999580008399833
CQSADSGGTYEVF,6,0.000629987400251995
CQSADSNGPYVVF,3,0.0003149937001259975
CQSADSRETWVF,4,0.00041999160016799666
CQSADSSATYVF,4,0.00041999160016799666
CQSADSSDTLIF,4,0.00041999160016799666
CQSADSSDTSVF,5,0.0005249895002099958
CQSADSSEIYPVF,2,0.00020999580008399833
CQSADSSEIYVF,20,0.0020999580008399833
CQSADSSGAHWVF,2,0.00020999580008399833
CQSADSSGAYPVVF,3,0.0003149937001259975
CQSADSSGNYVAF,2,0.00020999580008399833
CQSADSSGPWVF,8,0.0008399832003359933
CQSADSSGSLVF,2,0.00020999580008399833
CQSADSSGSYVVF,5,0.0005249895002099958
CQSADSSGTSVF,2,0.00020999580008399833
CQSADSSGTSVVF,3,0.0003149937001259975
CQSADSSGTWVF,3,0.0003149937001259975
CQSADSSGTYEVF,3,0.0003149937001259975
CQSADSSGTYRVVF,2,0.00020999580008399833
CQSADSSGTYVVF,2,0.00020999580008399833
CQSADSTGSLFVF,4,0.00041999160016799666
CQSADTSGTYVVF,5,0.0005249895002099958
CQSAGSSGTWVF,2,0.00020999580008399833
CQSDDSTNTYQVF,3,0.0003149937001259975
CQSFDSSLSDVVF,7,0.0007349853002939942
CQSFDSSLSGSVF,185,0.019424611507769845
CQSFDSSLSGSVVF,4,0.00041999160016799666
CQSFDSSLSGVVF,2,0.00020999580008399833
CQSFDSSLSGWVF,14,0.0014699706005879883
CQSFDSSLSVWVF,2,0.00020999580008399833
CQSFDSSNHWVF,2,0.00020999580008399833
CQSGDSSGTYRVVF,2,0.00020999580008399833
CQSHDSSLGGTVF,2,0.00020999580008399833
CQSHDSSLSGYWVF,7,0.0007349853002939942
CQSIDSSGTFF,3,0.0003149937001259975
CQSLDGGNVIF,2,0.00020999580008399833
CQSSDSNNHWVF,2,0.00020999580008399833
CQSSDSSGIFPLF,4,0.00041999160016799666
CQSSDSSGTSLVF,19,0.001994960100797984
CQSSDSSGTWVF,4,0.00041999160016799666
CQSSDSSGTYKVF,2,0.00020999580008399833
CQSSDTSGTLIVF,2,0.00020999580008399833
CQSTDSRGTWVF,2,0.00020999580008399833
CQSTDSSGSRVF,2,0.00020999580008399833
CQSTDSSGTVVF,2,0.00020999580008399833
CQSTDSSGTYVVF,2,0.00020999580008399833
CQSVDSSGNFVVF,2,0.00020999580008399833
CQSWGTGYVVF,4,0.00041999160016799666
CQSYDAGNYVF,3,0.0003149937001259975
CQSYDDSLSGCWVF,8,0.0008399832003359933
CQSYDGINWVF,6,0.000629987400251995
CQSYDGSLSGVLF,2,0.00020999580008399833
CQSYDGSNVGF,2,0.00020999580008399833
CQSYDGSNVVF,44,0.004619907601847963
CQSYDGSSVVF,29,0.003044939101217976
CQSYDHLNHEWVF,3,0.0003149937001259975
CQSYDISLSGNYVF,3,0.0003149937001259975
CQSYDISLSGRLF,3,0.0003149937001259975
CQSYDISLSGWVF,2,0.00020999580008399833
CQSYDNSLGGCVF,2,0.00020999580008399833
CQSYDNSLSGAVF,3,0.0003149937001259975
CQSYDNSLSGFVVF,2,0.00020999580008399833
CQSYDNSLSGSVF,5,0.0005249895002099958
CQSYDNSLSGWVF,4,0.00041999160016799666
CQSYDNSLSVVF,8,0.0008399832003359933
CQSYDNVNDRIVF,2,0.00020999580008399833
CQSYDPSLSGYVF,2,0.00020999580008399833
CQSYDRINVVF,5,0.0005249895002099958
CQSYDRSLFWVF,2,0.00020999580008399833
CQSYDRSLSGHVVF,27,0.0028349433011339775
CQSYDRSLSGSRVF,2,0.00020999580008399833
CQSYDRSLSGSVF,2,0.00020999580008399833
CQSYDRSLSGWVF,2,0.00020999580008399833
CQSYDRSNHGVVF,8,0.0008399832003359933
CQSYDRSNHVIF,2,0.00020999580008399833
CQSYDRSTVVF,3,0.0003149937001259975
CQSYDRTNQGVF,2,0.00020999580008399833
CQSYDSDNVIF,2,0.00020999580008399833
CQSYDSDNVVF,9,0.0009449811003779924
CQSYDSGDVVF,2,0.00020999580008399833
CQSYDSGLRARVF,2,0.00020999580008399833
CQSYDSGLSARVF,5,0.0005249895002099958
CQSYDSGLSGSNVVF,2,0.00020999580008399833
CQSYDSGLSGWVF,2,0.00020999580008399833
CQSYDSGLSGYNYVF,2,0.00020999580008399833
CQSYDSGTHWVF,11,0.0011549769004619908
CQSYDSILSGSVF,3,0.0003149937001259975
CQSYDSINWVF,2,0.00020999580008399833
CQSYDSNDWVF,9,0.0009449811003779924
CQSYDSNFYMVF,32,0.0033599328013439733
CQSYDSNLSGLF,2,0.00020999580008399833
CQSYDSNLSGWVF,12,0.00125997480050399
CQSYDSNNVVF,2,0.00020999580008399833
CQSYDSRLSGSIF,2,0.00020999580008399833
CQSYDSRLSGSVF,4,0.00041999160016799666
CQSYDSRLSGWVF,8,0.0008399832003359933
CQSYDSRLVAYVF,2,0.00020999580008399833
CQSYDSSDHVVF,8,0.0008399832003359933
CQSYDSSDQGVF,2,0.00020999580008399833
CQSYDSSLDDSVVF,2,0.00020999580008399833
CQSYDSSLGDSVF,4,0.00041999160016799666
CQSYDSSLGESVF,2,0.00020999580008399833
CQSYDSSLGGSVF,6,0.000629987400251995
CQSYDSSLGGSWVF,4,0.00041999160016799666
CQSYDSSLGGWVF,2,0.00020999580008399833
CQSYDSSLGVYVF,2,0.00020999580008399833
CQSYDSSLHGVVF,5,0.0005249895002099958
CQSYDSSLHVVF,30,0.003149937001259975
CQSYDSSLIDYVF,2,0.00020999580008399833
CQSYDSSLKIF,2,0.00020999580008399833
CQSYDSSLNAWVF,6,0.000629987400251995
CQSYDSSLNDWVF,10,0.0010499790004199917
CQSYDSSLNGVVF,6,0.000629987400251995
CQSYDSSLNGWVF,13,0.0013649727005459892
CQSYDSSLRGRGVF,2,0.00020999580008399833
CQSYDSSLRGVF,2,0.00020999580008399833
CQSYDSSLRGVVF,3,0.0003149937001259975
CQSYDSSLRGYVF,6,0.000629987400251995
CQSYDSSLRRVF,5,0.0005249895002099958
CQSYDSSLRSVF,2,0.00020999580008399833
CQSYDSSLSALF,7,0.0007349853002939942
CQSYDSSLSAPVF,4,0.00041999160016799666
CQSYDSSLSAPVIF,7,0.0007349853002939942
CQSYDSSLSARVF,15,0.0015749685006299875
CQSYDSSLSASVF,40,0.004199916001679967
CQSYDSSLSAVF,6,0.000629987400251995
CQSYDSSLSAVVF,21,0.0022049559008819825
CQSYDSSLSAWVF,6,0.000629987400251995
CQSYDSSLSAYVF,3,0.0003149937001259975
CQSYDSSLSDYVF,3,0.0003149937001259975
CQSYDSSLSESVF,9,0.0009449811003779924
CQSYDSSLSGAIF,9,0.0009449811003779924
CQSYDSSLSGDVVF,9,0.0009449811003779924
CQSYDSSLSGHVF,5,0.0005249895002099958
CQSYDSSLSGLF,12,0.00125997480050399
CQSYDSSLSGLVF,2,0.00020999580008399833
CQSYDSSLSGPGVF,3,0.0003149937001259975
CQSYDSSLSGPVF,7,0.0007349853002939942
CQSYDSSLSGQVF,4,0.00041999160016799666
CQSYDSSLSGSHVVF,21,0.0022049559008819825
CQSYDSSLSGSIVF,2,0.00020999580008399833
CQSYDSSLSGSRVF,24,0.00251994960100798
CQSYDSSLSGSVF,64,0.006719865602687947
CQSYDSSLSGSVVF,8,0.0008399832003359933
CQSYDSSLSGSWVF,2,0.00020999580008399833
CQSYDSSLSGVIF,3,0.0003149937001259975
CQSYDSSLSGVVF,3,0.0003149937001259975
CQSYDSSLSGWVF,55,0.005774884502309954
CQSYDSSLSGYVF,27,0.0028349433011339775
CQSYDSSLSGYVVF,7,0.0007349853002939942
CQSYDSSLSSPVF,16,0.0016799664006719867
CQSYDSSLSSSVF,3,0.0003149937001259975
CQSYDSSLSVSWVF,2,0.00020999580008399833
CQSYDSSLSVVF,18,0.0018899622007559848
CQSYDSSLSVVVF,6,0.000629987400251995
CQSYDSSLSVWVF,26,0.0027299454010919783
CQSYDSSLSYWVF,3,0.0003149937001259975
CQSYDSSLTALVF,3,0.0003149937001259975
CQSYDSSLTAWVF,6,0.000629987400251995
CQSYDSSLTGRVF,2,0.00020999580008399833
CQSYDSSLTGSVF,3,0.0003149937001259975
CQSYDSSLTGSWVF,3,0.0003149937001259975
CQSYDSSLTGTIF,2,0.00020999580008399833
CQSYDSSLTLYYVF,9,0.0009449811003779924
CQSYDSSLTPSWVF,7,0.0007349853002939942
CQSYDSSLTVVF,2,0.00020999580008399833
CQSYDSSLTVWVF,2,0.00020999580008399833
CQSYDSSLVF,9,0.0009449811003779924
CQSYDSSNRGVF,3,0.0003149937001259975
CQSYDSSNRRVVF,2,0.00020999580008399833
CQSYDSSNSWVF,2,0.00020999580008399833
CQSYDSSNVWVF,10,0.0010499790004199917
CQSYDSSNWVF,20,0.0020999580008399833
CQSYDSSPGVF,2,0.00020999580008399833
CQSYDSSRSANWVF,2,0.00020999580008399833
CQSYDSSSRDVIF,3,0.0003149937001259975
CQSYDSSSRDVVF,5,0.0005249895002099958
CQSYDSSTVIF,8,0.0008399832003359933
CQSYDSSVGVWVF,3,0.0003149937001259975
CQSYDSTLSGSWVF,10,0.0010499790004199917
CQSYDSVF,5,0.0005249895002099958
CQSYDTNNPWVF,2,0.00020999580008399833
CQSYDTNNRVVF,3,0.0003149937001259975
CQSYDTSLSFVF,2,0.00020999580008399833
CQSYESDNVVF,5,0.0005249895002099958
CQSYESGNQGVF,2,0.00020999580008399833
CQSYESSLSGWVF,2,0.00020999580008399833
CQSYGSSLVF,3,0.0003149937001259975
CQSYNSGNWVF,2,0.00020999580008399833
CQTWATGADVVF,4,0.00041999160016799666
CQTWDSGIVVF,3,0.0003149937001259975
CQTWDSNTAKVF,2,0.00020999580008399833
CQTWDSNTFVF,3,0.0003149937001259975
CQTWDTGIRVF,4,0.00041999160016799666
CQTWDTGMVF,2,0.00020999580008399833
CQTWDTGNHVVF,2,0.00020999580008399833
CQTWDTGRRVVF,5,0.0005249895002099958
CQTWDTGTWVF,2,0.00020999580008399833
CQTWDVNTAKVF,2,0.00020999580008399833
CQTWGAGFVVF,7,0.0007349853002939942
CQTWGAGLRVF,6,0.000629987400251995
CQTWGAGTWVF,2,0.00020999580008399833
CQTWGIGILVF,8,0.0008399832003359933
CQTWGNGLWVF,12,0.00125997480050399
CQTWGNGVVVF,2,0.00020999580008399833
CQTWGSGIRVF,10,0.0010499790004199917
CQTWGSGIVIF,2,0.00020999580008399833
CQTWGSGLWVF,2,0.00020999580008399833
CQTWGSGMGVF,53,0.005564888702225956
CQTWGSGSYVF,2,0.00020999580008399833
CQTWGSGVGEF,2,0.00020999580008399833
CQTWGSGVGVF,116,0.012179756404871903
CQTWGTAIQVF,4,0.00041999160016799666
CQTWGTAIRVF,2,0.00020999580008399833
CQTWGTAIVVF,28,0.0029399412011759767
CQTWGTATRVF,6,0.000629987400251995
CQTWGTDIEVF,3,0.0003149937001259975
CQTWGTDIRVF,3,0.0003149937001259975
CQTWGTDNHVVF,8,0.0008399832003359933
CQTWGTEFWVF,3,0.0003149937001259975
CQTWGTGAQVF,2,0.00020999580008399833
CQTWGTGAWVF,2,0.00020999580008399833
CQTWGTGIEVF,3,0.0003149937001259975
CQTWGTGIGWVF,5,0.0005249895002099958
CQTWGTGIHVVF,12,0.00125997480050399
CQTWGTGIHWVF,8,0.0008399832003359933
CQTWGTGILVF,9,0.0009449811003779924
CQTWGTGIQVF,16,0.0016799664006719867
CQTWGTGIRVF,8,0.0008399832003359933
CQTWGTGIVVF,19,0.001994960100797984
CQTWGTGIWVF,2,0.00020999580008399833
CQTWGTGLHVVF,2,0.00020999580008399833
CQTWGTGLLF,8,0.0008399832003359933
CQTWGTGLWVF,3,0.0003149937001259975
CQTWGTGMVF,12,0.00125997480050399
CQTWGTGNHVVF,4,0.00041999160016799666
CQTWGTGSWVF,2,0.00020999580008399833
CQTWGTGTFVVF,2,0.00020999580008399833
CQTWGTGTNWVF,13,0.0013649727005459892
CQTWGTGTQVF,16,0.0016799664006719867
CQTWGTGTVVF,2,0.00020999580008399833
CQTWGTGVRNVVF,2,0.00020999580008399833
CQTWGTGYVVF,2,0.00020999580008399833
CQTWGTSIVF,2,0.00020999580008399833
CQTWGTVF,2,0.00020999580008399833
CQTWSTGIQVF,10,0.0010499790004199917
CQTWVTGIQEF,2,0.00020999580008399833
CQTWVTGIQVF,110,0.011549769004619908
CQTYDSINWVF,6,0.000629987400251995
CQTYDTSLSGVVF,7,0.0007349853002939942
CQVGDSSTRVF,2,0.00020999580008399833
CQVSDSSTDQWVF,2,0.00020999580008399833
CQVWDASSDEGVF,2,0.00020999580008399833
CQVWDASTEDWVF,2,0.00020999580008399833
CQVWDDSAAVF,602,0.0632087358252835
CQVWDDSSDHFWVF,2,0.00020999580008399833
CQVWDDSSDHVVF,6,0.000629987400251995
CQVWDDTAAVF,2,0.00020999580008399833
CQVWDGSSDHVVF,21,0.0022049559008819825
CQVWDGSSDHWVF,2,0.00020999580008399833
CQVWDISSEHPVF,22,0.0023099538009239817
CQVWDLSSDHWVF,2,0.00020999580008399833
CQVWDNGSDHVVF,2,0.00020999580008399833
CQVWDNSDDHWVF,11,0.0011549769004619908
CQVWDNSVAF,61,0.006404871902561949
CQVWDNTSDHQVF,9,0.0009449811003779924
CQVWDRSSDHVVF,2,0.00020999580008399833
CQVWDSDNDHVVF,9,0.0009449811003779924
CQVWDSDSDHKVVF,3,0.0003149937001259975
CQVWDSDSDHVVF,13,0.0013649727005459892
CQVWDSDTALF,14,0.0014699706005879883
CQVWDSDTMIF,2,0.00020999580008399833
CQVWDSESDHWVF,2,0.00020999580008399833
CQVWDSFSDHWVF,5,0.0005249895002099958
CQVWDSGSDHLVF,8,0.0008399832003359933
CQVWDSGSDHREVF,2,0.00020999580008399833
CQVWDSGSDHVIF,8,0.0008399832003359933
CQVWDSGSDHVVF,9,0.0009449811003779924
CQVWDSGSNHWVF,4,0.00041999160016799666
CQVWDSGTVVF,11,0.0011549769004619908
CQVWDSHSDHGVF,3,0.0003149937001259975
CQVWDSHSYHGVF,27,0.0028349433011339775
CQVWDSHTAVF,3,0.0003149937001259975
CQVWDSITAVF,55,0.005774884502309954
CQVWDSNSDHSWVF,2,0.00020999580008399833
CQVWDSNSDHWVF,4,0.00041999160016799666
CQVWDSNSDHYVF,2,0.00020999580008399833
CQVWDSNSDVVVF,4,0.00041999160016799666
CQVWDSNTGVF,2,0.00020999580008399833
CQVWDSNTVVF,5,0.0005249895002099958
CQVWDSPDAHRVF,6,0.000629987400251995
CQVWDSQSYHGVF,12,0.00125997480050399
CQVWDSRSDRGVF,7,0.0007349853002939942
CQVWDSSADHYVF,2,0.00020999580008399833
CQVWDSSAGVF,3,0.0003149937001259975
CQVWDSSGDHGVF,2,0.00020999580008399833
CQVWDSSGDHVVF,5,0.0005249895002099958
CQVWDSSGDQPVF,6,0.000629987400251995
CQVWDSSGRMF,2,0.00020999580008399833
CQVWDSSLDPVVF,8,0.0008399832003359933
CQVWDSSNGVVF,3,0.0003149937001259975
CQVWDSSPLF,20,0.0020999580008399833
CQVWDSSRDHVVF,4,0.00041999160016799666
CQVWDSSRDQF,4,0.00041999160016799666
CQVWDSSSAHPWVF,2,0.00020999580008399833
CQVWDSSSAHVVF,4,0.00041999160016799666
CQVWDSSSDDVVF,2,0.00020999580008399833
CQVWDSSSDFVF,2,0.00020999580008399833
CQVWDSSSDHFVF,20,0.0020999580008399833
CQVWDSSSDHHVF,5,0.0005249895002099958
CQVWDSSSDHHVVF,42,0.004409911801763965
CQVWDSSSDHIVF,4,0.00041999160016799666
CQVWDSSSDHPGVF,9,0.0009449811003779924
CQVWDSSSDHPVF,3,0.0003149937001259975
CQVWDSSSDHQAVF,3,0.0003149937001259975
CQVWDSSSDHQVF,3,0.0003149937001259975
CQVWDSSSDHRVVF,4,0.00041999160016799666
CQVWDSSSDHVIF,2,0.00020999580008399833
CQVWDSSSDHVVF,30,0.003149937001259975
CQVWDSSSDHWAF,2,0.00020999580008399833
CQVWDSSSDHWVF,11,0.0011549769004619908
CQVWDSSSDHYVF,3,0.0003149937001259975
CQVWDSSSDPHVVF,4,0.00041999160016799666
CQVWDSSSDPVVF,3,0.0003149937001259975
CQVWDSSSDPYVF,2,0.00020999580008399833
CQVWDSSSDQEVF,4,0.00041999160016799666
CQVWDSSSDQF,2,0.00020999580008399833
CQVWDSSSDQGVF,2,0.00020999580008399833
CQVWDSSSDQVVF,7,0.0007349853002939942
CQVWDSSSDVIF,2,0.00020999580008399833
CQVWDSSSDVVF,4,0.00041999160016799666
CQVWDSSSEQVVF,4,0.00041999160016799666
CQVWDSSSETVVF,2,0.00020999580008399833
CQVWDSSSGVF,5,0.0005249895002099958
CQVWDSSSHHGVF,16,0.0016799664006719867
CQVWDSSSNHVVF,2,0.00020999580008399833
CQVWDSSSQHGVF,30,0.003149937001259975
CQVWDSSSTHPVF,6,0.000629987400251995
CQVWDSSSVHWVF,9,0.0009449811003779924
CQVWDSSSVIF,2,0.00020999580008399833
CQVWDSSSVVF,120,0.0125997480050399
CQVWDSSTARF,2,0.00020999580008399833
CQVWDSSTAVF,3,0.0003149937001259975
CQVWDSSTDHLF,2,0.00020999580008399833
CQVWDSSTDHVVF,4,0.00041999160016799666
CQVWDSSTDHYVVF,2,0.00020999580008399833
CQVWDSSTDLLVF,19,0.001994960100797984
CQVWDSSTDQDVF,5,0.0005249895002099958
CQVWDSSTDQEVF,3,0.0003149937001259975
CQVWDSSTDVVF,9,0.0009449811003779924
CQVWDSSTEVF,2,0.00020999580008399833
CQVWDSSTQVF,6,0.000629987400251995
CQVWDSSTRLWVF,2,0.00020999580008399833
CQVWDSSTRVF,5,0.0005249895002099958
CQVWDSSTVF,2,0.00020999580008399833
CQVWDSSTVIF,2,0.00020999580008399833
CQVWDSSTVVF,28,0.0029399412011759767
CQVWDSSTWVF,2,0.00020999580008399833
CQVWDSTSDVVF,17,0.0017849643007139858
CQVWDSTTAVF,2,0.00020999580008399833
CQVWDSTTGVF,2,0.00020999580008399833
CQVWDSVSDHVVF,4,0.00041999160016799666
CQVWDTSSDHPVF,3,0.0003149937001259975
CQVWDTSSDHVVF,12,0.00125997480050399
CQVWDTSSDYVVF,7,0.0007349853002939942
CQVWDTSTAGMIF,5,0.0005249895002099958
CQVWDTSTWVF,2,0.00020999580008399833
CQVWDVSSDHVVF,3,0.0003149937001259975
CQVWDVSSYHVVF,4,0.00041999160016799666
CQVWDYNSDHGVF,2,0.00020999580008399833
CQVWESGSDHVVF,4,0.00041999160016799666
CQVWESSSDHVVF,4,0.00041999160016799666
CQVWESSTDHVVF,17,0.0017849643007139858
CQVWETSSDHPVF,3,0.0003149937001259975
CSAWDSSLSGVVF,2,0.00020999580008399833
CSAYTSSSTLLF,11,0.0011549769004619908
CSLYTSSRTWVF,2,0.00020999580008399833
CSLYTSSSTLVVF,61,0.006404871902561949
CSSADSGGHHRVF,5,0.0005249895002099958
CSSFAGSNNLGVF,2,0.00020999580008399833
CSSFAGSNNLLF,2,0.00020999580008399833
CSSFTSKSTLVF,6,0.000629987400251995
CSSFTSSNTLVF,6,0.000629987400251995
CSSFTSSSTLVF,6,0.000629987400251995
CSSFTSSSTWVF,2,0.00020999580008399833
CSSRDSSGDHVVF,8,0.0008399832003359933
CSSRDSSGNHVVF,4,0.00041999160016799666
CSSRDSSGNLVVF,9,0.0009449811003779924
CSSYADNNNYVVF,4,0.00041999160016799666
CSSYADSNNLIF,3,0.0003149937001259975
CSSYADSNNLVF,7,0.0007349853002939942
CSSYAGGNNFVF,4,0.00041999160016799666
CSSYAGGNNVLF,6,0.000629987400251995
CSSYAGINNVVF,5,0.0005249895002099958
CSSYAGNNNLIF,14,0.0014699706005879883
CSSYAGNNNLVF,8,0.0008399832003359933
CSSYAGNNNWVF,4,0.00041999160016799666
CSSYAGNNNYIVF,22,0.0023099538009239817
CSSYAGNNNYVVF,230,0.024149517009659806
CSSYAGSDNFVF,4,0.00041999160016799666
CSSYAGSILF,2,0.00020999580008399833
CSSYAGSKNFVVF,2,0.00020999580008399833
CSSYAGSKNLVF,3,0.0003149937001259975
CSSYAGSNIVVF,2,0.00020999580008399833
CSSYAGSNIWLF,2,0.00020999580008399833
CSSYAGSNIYFF,2,0.00020999580008399833
CSSYAGSNKYVVF,20,0.0020999580008399833
CSSYAGSNNFVF,6,0.000629987400251995
CSSYAGSNNFVLF,7,0.0007349853002939942
CSSYAGSNNLGVF,3,0.0003149937001259975
CSSYAGSNNLGWVF,9,0.0009449811003779924
CSSYAGSNNLIF,12,0.00125997480050399
CSSYAGSNNLLF,5,0.0005249895002099958
CSSYAGSNNLVF,27,0.0028349433011339775
CSSYAGSNNVLF,8,0.0008399832003359933
CSSYAGSNNVVF,26,0.0027299454010919783
CSSYAGSNNWVF,12,0.00125997480050399
CSSYAGSNNYVF,2,0.00020999580008399833
CSSYAGSNNYVVF,16,0.0016799664006719867
CSSYAGSNSFVLF,29,0.003044939101217976
CSSYAGSNTLVF,4,0.00041999160016799666
CSSYAGSNVVF,10,0.0010499790004199917
CSSYAGSNVVVF,2,0.00020999580008399833
CSSYAGSVIF,4,0.00041999160016799666
CSSYAGTNNVVF,2,0.00020999580008399833
CSSYAGTYEF,6,0.000629987400251995
CSSYAPSNNLVF,2,0.00020999580008399833
CSSYASSNTRVF,2,0.00020999580008399833
CSSYASSNTVVF,13,0.0013649727005459892
CSSYATSSTLIF,5,0.0005249895002099958
CSSYISSSTLVF,3,0.0003149937001259975
CSSYSASSTLLF,3,0.0003149937001259975
CSSYSSSSTLVIF,3,0.0003149937001259975
CSSYSSSSTPVVF,2,0.00020999580008399833
CSSYTASSTLDVVF,3,0.0003149937001259975
CSSYTASSTLEVF,2,0.00020999580008399833
CSSYTDRSTLVF,8,0.0008399832003359933
CSSYTDSSTYVF,2,0.00020999580008399833
CSSYTGSNNYVVF,2,0.00020999580008399833
CSSYTGSNTLVF,2,0.00020999580008399833
CSSYTGSSTLVF,5,0.0005249895002099958
CSSYTGSSTYVF,4,0.00041999160016799666
CSSYTISSTLVVF,27,0.0028349433011339775
CSSYTLSSTYVF,4,0.00041999160016799666
CSSYTNSVTLVF,2,0.00020999580008399833
CSSYTPSSTLVYVF,2,0.00020999580008399833
CSSYTRSGTLVF,2,0.00020999580008399833
CSSYTRSSTCVF,2,0.00020999580008399833
CSSYTSASTIVF,2,0.00020999580008399833
CSSYTSISTRVF,7,0.0007349853002939942
CSSYTSNSTVIF,8,0.0008399832003359933
CSSYTSSDTRVF,2,0.00020999580008399833
CSSYTSSDTYVF,2,0.00020999580008399833
CSSYTSSKTLVF,2,0.00020999580008399833
CSSYTSSNTDVF,5,0.0005249895002099958
CSSYTSSNTLLF,11,0.0011549769004619908
CSSYTSSNTLVF,12,0.00125997480050399
CSSYTSSNTLVVF,2,0.00020999580008399833
CSSYTSSNTRVF,4,0.00041999160016799666
CSSYTSSNTVVF,5,0.0005249895002099958
CSSYTSSNTYVF,9,0.0009449811003779924
CSSYTSSRTLVF,2,0.00020999580008399833
CSSYTSSRTWVF,3,0.0003149937001259975
CSSYTSSSAVVF,3,0.0003149937001259975
CSSYTSSSEVF,2,0.00020999580008399833
CSSYTSSSHVVF,2,0.00020999580008399833
CSSYTSSSILVF,3,0.0003149937001259975
CSSYTSSSKVF,2,0.00020999580008399833
CSSYTSSSNLVF,2,0.00020999580008399833
CSSYTSSSSLVF,3,0.0003149937001259975
CSSYTSSSTEVF,7,0.0007349853002939942
CSSYTSSSTFVF,8,0.0008399832003359933
CSSYTSSSTGVF,2,0.00020999580008399833
CSSYTSSSTLGVF,7,0.0007349853002939942
CSSYTSSSTLKVF,7,0.0007349853002939942
CSSYTSSSTLRLF,2,0.00020999580008399833
CSSYTSSSTLVF,62,0.006509869802603948
CSSYTSSSTLVVF,13,0.0013649727005459892
CSSYTSSSTPWVF,8,0.0008399832003359933
CSSYTSSSTPYVF,4,0.00041999160016799666
CSSYTSSSTRVF,5,0.0005249895002099958
CSSYTSSSTRVVF,16,0.0016799664006719867
CSSYTSSSTVIF,8,0.0008399832003359933
CSSYTSSSTVLF,3,0.0003149937001259975
CSSYTSSSTVVF,38,0.003989920201595968
CSSYTSSSTWVF,7,0.0007349853002939942
CSSYTSSSTYVF,13,0.0013649727005459892
CSSYTSSTTLIF,2,0.00020999580008399833
CSSYTSTSTLALF,2,0.00020999580008399833
CSSYTSTSTLEVF,13,0.0013649727005459892
CSSYTSTSTLGVF,2,0.00020999580008399833
CSSYTSTSTLVF,2,0.00020999580008399833
CSSYTSTSTLVVF,2,0.00020999580008399833
CSSYTTSGTLVF,7,0.0007349853002939942
CSSYTTSSALVF,2,0.00020999580008399833
CSSYTTSSGFVF,2,0.00020999580008399833
CSSYTTSSTLVF,4,0.00041999160016799666
CSSYTTSSTVF,6,0.000629987400251995
CSSYTTSSTWGF,2,0.00020999580008399833
CSSYTTSSTWVF,296,0.03107937841243175
CSSYTTSTTLVF,2,0.00020999580008399833
CSSYTTTSTLWVF,3,0.0003149937001259975
CSSYVGSNNWVF,2,0.00020999580008399833
CSTWDSSLSACVF,17,0.0017849643007139858
CSYAGGSTFVAF,3,0.0003149937001259975
CSYAGHYTFVVF,6,0.000629987400251995
CSYAGSGTFYLF,3,0.0003149937001259975
CSYAGSSTFGWVF,2,0.00020999580008399833
CSYAGSSTFYVF,9,0.0009449811003779924
CSYAGSSTLIF,2,0.00020999580008399833
CSYAGSSTLRF,2,0.00020999580008399833
CSYAGSSTSYVF,2,0.00020999580008399833
CSYAGSSTVVF,4,0.00041999160016799666
CSYAGSSTWVF,2,0.00020999580008399833
CSYAGSSTYVF,6,0.000629987400251995
CSYAGSSTYVVF,5,0.0005249895002099958
CSYAGSSVLIF,15,0.0015749685006299875
CSYAGSTTLIF,2,0.00020999580008399833
CSYAGSYTAVLF,2,0.00020999580008399833
CSYAGSYTGIF,2,0.00020999580008399833
CSYAGSYTKVF,6,0.000629987400251995
CSYAGSYTSVF,6,0.000629987400251995
CSYAGSYTVIF,4,0.00041999160016799666
CSYAGSYTVLF,4,0.00041999160016799666
CSYAGSYTWVF,18,0.0018899622007559848
CTSYTSSSTLGVF,3,0.0003149937001259975
CTSYTSSSTLVF,2,0.00020999580008399833
CTSYTSSSTLVVF,5,0.0005249895002099958
CVAWDDSLNGQVF,3,0.0003149937001259975
CVLFMGSGISVF,4,0.00041999160016799666
CVLYIGNGISVF,5,0.0005249895002099958
CVLYIGSGIVVF,26,0.0027299454010919783
CVLYMDSGISIF,2,0.00020999580008399833
CVLYMDSGNVVF,3,0.0003149937001259975
CVLYMGGGSWVF,4,0.00041999160016799666
CVLYMGSGISIF,2,0.00020999580008399833
CVLYMGSGISVF,8,0.0008399832003359933
CVLYMGSGIWVF,42,0.004409911801763965
CVLYMGSGNVVF,6,0.000629987400251995
CVLYMGSGPSF,2,0.00020999580008399833
CVLYMGSGTWVF,3,0.0003149937001259975
CVLYMPSGTWVF,4,0.00041999160016799666
CVLYMSSGNVVF,3,0.0003149937001259975
CVTWDDSLNGVVF,3,0.0003149937001259975
CVTWDRSLSAGVF,6,0.000629987400251995
CWSYAGSNNFKF,2,0.00020999580008399833
CYSADSSGNHRVF,2,0.00020999580008399833
CYSTDHSGNGVF,24,0.00251994960100798
CYSTDNSGNHRGVF,5,0.0005249895002099958
CYSTDNSGNHRVF,4,0.00041999160016799666
CYSTDSSDNGVF,3,0.0003149937001259975
CYSTDSSDNHRKVF,5,0.0005249895002099958
CYSTDSSDNHWGVF,5,0.0005249895002099958
CYSTDSSGHHRVF,9,0.0009449811003779924
CYSTDSSGNGVF,6,0.000629987400251995
CYSTDSSGNHRVF,5,0.0005249895002099958
CYSTDSSGNPRVF,4,0.00041999160016799666
CYSTDSSGNYWVF,2,0.00020999580008399833
CYSTDSSGSHSGVF,3,0.0003149937001259975
CYSVADNIGVF,3,0.0003149937001259975
